1	0	0	0	0	0	0	0	0	0	0	0	1	0
0	0	0	0	0	0	0	0	2	0	0	0	0	0
39	150	36	5	11	0	28	0	2	100	0	3	49	14
0	0	0	0	0	0	0	0	0	0	0	0	1	0
1	0	12	1	1	0	10	1	10	20	0	0	4	7
37	100	88	2	7	0	67	4	15	40	0	9	95	9
14	0	2	0	0	0	14	0	2	0	0	3	2	4
1	0	1	0	0	0	0	0	0	0	0	1	0	0
0	0	1	1	0	0	1	0	2	20	0	1	1	0
4	0	2	0	0	0	5	1	0	0	0	3	12	0
15	0	74	13	6	0	38	0	2	260	0	12	32	13
0	0	0	0	2	100	2	0	0	0	250	0	0	0
0	0	0	0	1	0	1	0	0	0	0	0	0	1
0	50	1	0	0	0	0	0	0	0	0	0	0	0
1	0	1	1	0	0	2	2	2	20	0	0	1	12
2	0	6	0	13	350	9	0	0	0	875	2	7	5
0	0	0	0	0	0	0	1	3	0	0	0	0	0
1	0	0	0	0	0	2	0	0	0	0	1	1	1
28	0	1	3	0	0	16	3	9	60	0	13	14	12
1	0	0	0	0	0	1	0	1	0	0	0	0	0
0	0	0	0	3	0	0	0	0	0	0	0	1	0
7	0	9	2	1	0	17	6	41	40	0	8	14	14
3	50	0	7	0	0	20	0	1	140	0	5	4	7
0	0	0	0	0	0	0	0	0	0	0	0	0	0
85	0	41	17	11	0	206	3	5	340	0	38	117	36
0	0	0	0	0	0	1	0	0	0	0	0	0	1
54	0	5	5	9	0	42	1	2	100	0	9	12	21
0	0	1	3	0	0	3	2	2	60	0	0	1	2
2	0	2	33	1	0	12	6	2	660	0	4	1	3
25	0	57	2	0	0	41	0	1	40	0	2	39	19
38	0	116	11	5	0	121	4	12	220	0	12	119	24
38	150	81	18	9	0	80	2	4	360	0	5	129	4
6	0	36	2	7	0	33	0	2	40	0	3	22	8
2	0	0	0	0	0	1	0	0	0	0	1	2	4
1	0	4	2	1	0	1	0	1	40	0	1	0	3
28	0	17	29	0	0	37	2	8	580	0	4	11	19
23	0	47	19	0	0	63	1	2	380	0	16	47	22
70	0	139	7	29	0	168	3	6	140	0	32	150	41
2	0	1	2	0	0	1	0	0	40	0	0	0	2
117	0	253	44	40	0	265	7	31	880	0	56	320	56
0	0	1	0	0	0	0	0	0	0	0	0	0	0
21	0	3	11	0	0	11	0	0	220	0	4	2	5
8	0	2	23	0	0	18	2	5	460	0	4	0	17
7	150	2	4	7	0	35	1	0	80	0	2	6	6
73	0	130	29	21	0	223	1	22	580	0	93	163	101
32	0	95	9	12	0	77	5	12	180	0	8	134	31
1	0	9	0	2	0	13	0	0	0	0	6	18	1
36	100	5	9	3	0	71	0	0	180	0	1	19	7
8	0	6	2	2	0	16	0	3	40	0	21	51	8
17	0	48	12	18	0	47	6	2	240	0	3	30	14
3	0	14	6	0	0	19	2	0	120	0	11	15	17
0	0	0	0	0	0	0	0	0	0	0	0	0	0
129	50	31	20	4	0	56	2	4	400	0	34	27	26
1	0	3	9	0	0	2	0	0	180	0	0	4	2
0	0	0	0	0	0	2	1	0	0	0	1	0	2
156	250	30	32	3	0	64	0	3	640	0	6	26	23
3	0	33	5	8	0	36	1	1	100	0	0	53	8
0	0	0	1	0	0	4	0	1	20	0	4	1	5
6	0	17	23	0	0	20	2	4	460	0	8	5	20
23	0	131	34	12	0	108	5	17	680	0	27	156	49
72	0	59	19	5	0	88	4	2	380	0	10	93	22
0	0	7	0	1	0	2	0	1	0	0	2	2	5
3	0	21	1	1	0	21	0	0	20	0	3	53	4
4	0	5	0	1	0	7	0	4	0	0	11	14	6
9	0	15	0	14	0	50	0	2	0	0	29	21	20
2	0	12	2	1	0	20	0	0	40	0	3	16	23
4	0	8	0	2	0	5	1	0	0	0	2	7	9
29	100	36	67	9	0	68	0	9	1340	0	12	156	18
0	0	1	0	1	0	1	0	0	0	0	0	0	1
129	300	120	23	17	0	182	8	10	460	0	43	119	31
1	0	0	0	0	0	1	0	0	0	0	0	0	1
52	0	165	21	23	0	198	6	21	420	0	141	306	40
39	0	145	5	14	0	127	4	16	100	0	40	323	61
0	0	1	0	0	0	1	0	1	0	0	0	0	4
125	250	23	2	0	0	48	0	2	40	0	10	23	11
57	150	70	21	3	0	103	8	8	420	0	12	52	28
69	0	72	4	6	0	124	7	4	80	0	23	96	36
6	0	55	13	17	0	44	7	7	260	0	7	133	14
73	0	14	3	5	0	77	0	4	60	0	15	46	8
83	0	67	43	13	0	79	2	17	860	0	14	53	58
96	50	783	27	44	0	470	28	61	540	0	47	1240	159
42	100	1	6	0	0	99	0	0	120	0	5	15	2
9	0	7	2	0	0	27	0	0	40	0	5	15	9
39	0	236	19	33	0	283	7	29	380	0	71	249	35
198	50	219	2	19	0	315	25	30	40	0	39	668	52
21	0	6	0	3	0	43	0	0	0	0	3	24	5
3	0	2	14	1	0	19	2	9	280	0	38	7	19
0	0	0	14	0	0	5	0	0	280	0	2	2	8
14	0	121	18	18	0	105	4	13	360	0	20	132	17
46	0	43	50	4	0	107	13	15	1000	0	57	61	59
25	0	50	3	3	0	56	0	4	60	0	2	56	24
68	0	704	18	109	0	487	13	56	360	0	46	832	82
8	0	2	4	1	0	10	1	1	80	0	25	7	14
63	0	100	26	44	550	122	5	16	520	1375	50	155	42
14	0	18	4	4	0	51	2	1	80	0	16	35	12
5	0	10	21	3	100	26	3	8	420	250	16	22	20
208	200	201	12	36	0	201	5	26	240	0	68	341	58
46	0	73	4	2	0	147	1	4	80	0	18	102	18
96	0	255	1	10	0	129	6	8	20	0	20	169	15
21	0	26	2	4	0	79	1	9	40	0	10	49	14
57	0	6	6	2	0	28	0	3	120	0	19	27	15
64	0	81	2	29	0	110	0	4	40	0	15	133	16
46	50	53	7	14	0	128	0	7	140	0	67	136	31
8	0	5	0	5	0	40	0	2	0	0	28	33	7
23	0	18	13	11	0	56	0	0	260	0	10	94	18
0	0	0	4	0	0	5	0	0	80	0	0	0	1
69	0	17	7	3	0	189	1	2	140	0	6	19	34
28	0	51	6	9	0	119	3	6	120	0	25	105	19
34	0	26	1	2	0	30	0	8	20	0	20	37	14
22	0	67	7	6	0	96	1	6	140	0	18	109	36
53	0	95	4	9	0	72	1	6	80	0	15	94	23
13	0	100	2	2	0	63	0	1	40	0	0	31	11
8	0	73	34	24	0	60	1	3	680	0	5	83	20
0	0	0	0	0	0	2	0	1	0	0	0	1	1
18	0	23	1	3	0	31	0	3	20	0	12	35	11
54	0	76	3	15	0	118	1	8	60	0	14	129	16
91	0	35	8	12	0	71	5	11	160	0	18	43	25
241	0	69	19	13	0	203	0	19	380	0	24	231	49
29	0	152	4	31	0	191	0	8	80	0	78	127	26
27	0	59	4	7	0	54	1	2	80	0	3	92	14
60	0	38	11	8	0	81	3	5	220	0	31	103	23
35	0	72	45	15	0	133	6	18	900	0	17	88	43
24	0	164	62	37	0	89	2	5	1240	0	19	99	13
9	0	35	30	24	0	55	2	4	600	0	21	75	12
44	100	29	0	4	0	61	0	6	0	0	7	32	10
4	0	10	19	1	0	23	0	0	380	0	10	4	5
25	0	23	17	7	0	42	0	5	340	0	32	37	6
43	0	155	55	17	0	107	3	12	1100	0	29	186	33
0	0	4	0	0	0	4	0	0	0	0	6	11	6
74	0	121	23	12	0	103	5	13	460	0	18	138	52
55	0	61	1	30	0	174	1	14	20	0	36	191	29
26	0	189	0	21	0	122	2	12	0	0	56	243	12
58	0	69	6	24	0	148	0	9	120	0	46	179	32
5	0	35	0	2	0	20	0	2	0	0	3	41	11
82	0	56	21	8	0	118	2	4	420	0	8	186	59
251	0	32	34	38	150	133	0	17	680	375	21	44	20
43	0	19	2	5	0	55	3	2	40	0	9	40	6
8	0	149	4	7	0	99	4	26	80	0	42	236	28
239	0	395	35	57	0	368	5	44	700	0	56	375	67
37	0	108	66	35	0	162	3	15	1320	0	62	137	45
12	0	37	3	0	0	35	1	9	60	0	7	11	13
45	100	239	6	23	0	203	4	4	120	0	33	258	20
50	0	146	85	25	0	152	4	10	1700	0	82	149	27
0	0	12	5	0	0	14	1	1	100	0	6	12	9
188	0	106	3	30	0	174	4	4	60	0	34	209	37
3	0	127	2	17	0	47	1	4	40	0	13	118	14
41	0	25	2	8	0	41	0	1	40	0	3	86	14
11	0	45	4	12	0	103	0	1	80	0	20	82	21
5	0	13	1	12	0	35	0	0	20	0	4	18	2
8	0	6	9	0	0	19	2	3	180	0	0	5	12
8	0	41	0	7	0	53	0	2	0	0	4	32	6
24	50	73	8	13	0	86	0	5	160	0	79	128	10
10	0	41	14	11	0	49	0	5	280	0	8	67	8
9	0	139	1	16	0	55	2	4	20	0	1	73	8
18	0	179	0	22	0	186	7	14	0	0	20	369	29
120	0	54	14	13	0	96	4	4	280	0	37	82	11
22	0	52	2	8	0	76	1	6	40	0	20	70	8
63	0	51	9	18	0	119	2	4	180	0	10	168	31
12	0	17	8	2	0	37	7	57	160	0	4	22	29
60	50	78	0	1	0	59	1	8	0	0	8	89	14
26	0	15	1	5	0	33	2	3	20	0	3	31	18
10	0	34	6	4	0	33	0	4	120	0	4	43	14
14	0	12	4	3	0	60	0	3	80	0	15	39	23
11	0	62	1	15	0	73	0	4	20	0	17	78	21
139	0	262	23	16	0	258	5	34	460	0	95	315	37
9	0	61	1	4	0	53	3	8	20	0	14	29	20
23	0	98	0	14	0	76	0	2	0	0	36	82	33
4	0	18	49	0	0	14	0	1	980	0	3	7	2
1	0	0	0	0	0	0	3	0	0	0	0	0	3
62	50	96	6	12	0	97	3	10	120	0	9	75	11
1	0	9	0	1	0	7	0	3	0	0	0	10	8
116	0	97	7	18	0	160	2	3	140	0	31	107	51
1	0	1	7	1	0	4	1	0	140	0	0	0	8
60	0	49	2	13	0	92	0	5	40	0	4	68	29
21	0	16	0	6	0	33	0	0	0	0	3	34	7
28	0	139	14	29	0	98	3	9	280	0	47	192	22
23	0	59	1	7	0	57	0	6	20	0	13	93	15
4	0	2	1	0	0	7	2	1	20	0	0	1	4
29	0	80	0	22	0	87	1	3	0	0	2	111	12
31	0	41	2	12	0	44	0	14	40	0	19	64	17
15	0	52	1	4	0	44	3	21	20	0	5	90	5
0	0	4	0	0	0	7	0	0	0	0	2	0	8
68	0	39	12	2	0	81	14	55	240	0	11	42	48
31	0	2	4	0	0	11	0	0	80	0	0	5	6
1	0	9	1	0	0	19	1	3	20	0	5	17	8
17	0	0	0	0	0	4	0	0	0	0	0	3	8
19	0	59	5	23	0	99	0	6	100	0	17	88	28
14	0	97	2	16	0	96	1	13	40	0	10	129	18
24	0	51	8	8	0	64	1	9	160	0	13	65	14
4	0	2	0	0	0	4	0	1	0	0	0	0	0
36	50	168	4	45	0	228	10	19	80	0	23	385	36
24	0	26	7	6	0	57	1	1	140	0	69	72	23
112	100	192	4	45	0	256	5	13	80	0	21	301	28
0	0	12	1	1	0	9	1	6	20	0	2	3	0
63	0	84	5	18	0	173	2	18	100	0	23	149	34
54	0	32	8	6	0	63	1	6	160	0	15	79	15
83	0	12	1	1	0	45	0	3	20	0	17	25	18
27	0	67	0	11	0	56	2	4	0	0	6	44	27
18	0	110	4	21	0	70	4	13	80	0	29	128	12
86	50	108	4	2	0	65	3	3	80	0	8	86	8
195	50	40	4	5	0	85	0	2	80	0	10	53	7
18	0	27	6	9	0	22	0	8	120	0	11	40	4
4	0	0	0	0	0	0	0	0	0	0	3	3	2
47	50	47	3	2	0	84	5	4	60	0	13	283	29
10	50	62	4	8	0	31	0	1	80	0	10	41	12
32	0	7	4	5	0	23	0	1	80	0	20	14	19
33	0	29	6	10	0	82	0	4	120	0	18	111	16
1	0	7	1	0	0	10	0	3	20	0	5	7	9
9	0	31	7	5	0	35	1	32	140	0	2	19	6
24	100	72	10	8	0	101	3	9	200	0	32	74	43
19	0	101	0	5	0	71	0	0	0	0	21	35	7
0	0	0	0	0	0	1	1	0	0	0	5	1	4
44	0	50	10	6	0	66	0	10	200	0	5	75	15
279	0	237	5	18	0	226	25	20	100	0	40	1256	74
39	0	28	8	11	0	89	3	2	160	0	19	417	31
3	0	18	3	8	0	27	0	2	60	0	24	33	11
22	0	86	5	5	0	64	5	4	100	0	30	103	38
47	0	94	7	23	0	108	0	31	140	0	47	108	19
5	0	1	0	0	0	3	2	1	0	0	0	0	1
28	0	5	1	2	0	19	0	3	20	0	10	5	7
50	200	129	0	2	0	64	0	2	0	0	3	71	7
47	0	15	2	7	0	25	0	3	40	0	7	7	11
4	0	15	1	0	0	3	0	0	20	0	2	11	11
15	0	57	1	5	0	82	1	0	20	0	5	55	5
55	200	30	1	1	0	23	0	1	20	0	1	17	7
41	0	25	1	1	0	30	0	6	20	0	3	79	17
187	0	430	54	50	0	757	12	45	1080	0	104	396	150
9	0	8	1	5	0	18	0	1	20	0	2	3	4
14	0	25	3	10	0	58	0	1	60	0	5	75	10
125	0	112	1	7	0	137	3	14	20	0	20	136	28
88	0	108	5	4	0	99	2	13	100	0	28	54	46
169	150	162	8	6	0	130	1	22	160	0	50	154	18
11	0	18	0	5	0	41	1	2	0	0	3	12	18
294	100	174	10	40	300	163	7	18	200	750	34	158	60
19	0	2	5	0	0	18	0	0	100	0	0	47	4
200	0	145	29	12	100	169	3	10	580	250	29	76	79
16	0	24	1	4	0	24	0	1	20	0	2	101	8
78	0	155	4	15	0	136	2	8	80	0	68	164	45
30	0	4	0	1	0	15	0	2	0	0	3	162	4
93	0	56	0	3	0	63	1	3	0	0	8	414	21
1	0	7	0	0	0	4	4	7	0	0	2	0	9
13	0	16	3	1	0	29	1	6	60	0	0	28	15
3	0	51	0	3	0	9	3	1	0	0	2	9	9
19	0	9	1	1	0	18	1	3	20	0	2	191	13
33	0	59	0	1	0	43	0	3	0	0	9	131	14
3	0	56	3	1	0	20	2	0	60	0	17	24	8
343	150	127	4	6	0	184	6	39	80	0	39	110	44
50	0	2	1	0	0	18	2	1	20	0	4	203	8
8	0	27	2	6	0	18	10	94	40	0	3	14	8
347	250	235	5	9	0	250	6	7	100	0	44	131	73
8	0	13	1	0	0	23	0	1	20	0	3	25	7
8	0	9	2	2	0	14	2	6	40	0	0	12	3
63	50	198	9	39	0	141	9	19	180	0	41	150	48
0	0	0	1	0	0	7	0	0	20	0	0	1	0
4	0	1	0	0	0	2	0	1	0	0	0	13	4
184	50	214	42	38	0	198	8	15	840	0	49	193	41
49	150	48	16	7	0	54	1	6	320	0	3	87	21
21	0	44	18	4	0	33	0	1	360	0	6	97	8
47	50	5	4	0	0	11	0	2	80	0	12	17	9
143	0	84	38	24	0	176	6	8	760	0	21	77	49
51	0	59	3	8	0	138	1	4	60	0	16	471	33
54	0	319	11	28	0	255	1	19	220	0	25	334	30
10	0	4	1	0	0	14	0	0	20	0	6	142	7
1	0	1	0	0	0	1	0	0	0	0	4	1	0
5	0	4	2	10	0	12	5	1	40	0	0	27	3
28	0	17	8	9	0	47	0	1	160	0	26	18	10
464	200	161	42	12	0	284	7	29	840	0	44	123	92
8	0	1	1	0	0	11	0	1	20	0	0	4	3
63	0	281	3	22	0	108	3	7	60	0	9	209	27
20	0	7	2	1	0	10	1	32	40	0	3	8	7
22	0	45	0	4	0	85	1	5	0	0	5	39	23
27	0	22	1	7	0	49	1	4	20	0	2	18	10
156	200	188	11	17	0	234	6	14	220	0	28	239	54
42	0	13	1	0	0	17	0	0	20	0	1	42	6
52	0	164	4	6	0	108	4	11	80	0	18	797	33
10	0	52	1	6	0	51	2	2	20	0	7	68	13
39	0	12	20	14	0	46	6	5	400	0	7	37	14
9	0	3	12	0	0	8	0	4	240	0	13	28	7
24	0	69	4	1	0	72	1	3	80	0	1	53	16
10	0	56	2	8	0	39	0	2	40	0	18	116	7
46	0	21	3	7	0	130	1	6	60	0	6	59	33
83	150	156	1	7	0	134	5	13	20	0	6	376	20
9	0	84	1	7	0	69	0	10	20	0	14	156	14
98	0	161	4	11	0	96	1	7	80	0	20	83	26
43	0	90	16	5	0	69	1	4	320	0	14	43	42
85	0	102	8	5	0	69	3	17	160	0	28	70	16
7	0	21	2	0	0	16	0	4	40	0	6	17	16
212	50	102	13	9	0	145	4	7	260	0	7	74	35
9	0	25	0	4	0	32	1	2	0	0	7	17	13
75	0	351	12	39	0	356	23	119	240	0	32	319	128
34	0	26	1	5	0	89	5	8	20	0	11	34	17
20	0	59	6	8	0	68	1	2	120	0	2	8	37
29	0	6	2	4	0	79	1	0	40	0	8	21	29
30	0	30	2	4	0	42	1	0	40	0	4	28	13
43	0	86	9	12	0	69	1	6	180	0	22	98	22
54	50	237	1	6	0	144	5	23	20	0	11	333	15
21	0	21	16	0	0	40	0	2	320	0	4	38	16
33	0	29	8	3	0	53	0	13	160	0	8	26	34
2	0	39	0	5	0	23	0	1	0	0	0	19	3
9	0	6	0	0	0	6	0	1	0	0	2	4	6
44	50	82	1	0	0	46	1	9	20	0	31	59	8
42	0	4	2	1	0	49	0	1	40	0	4	8	10
36	0	27	7	0	0	54	3	10	140	0	2	17	43
1	0	0	0	0	0	0	0	0	0	0	0	0	2
27	0	5	0	0	0	14	0	2	0	0	4	15	5
21	0	21	6	2	0	43	3	11	120	0	5	22	23
24	0	6	5	0	0	20	0	1	100	0	4	5	13
47	0	46	2	10	0	113	0	3	40	0	14	88	17
170	0	203	22	19	0	315	10	31	440	0	62	167	125
39	0	48	4	13	0	81	5	6	80	0	4	81	27
27	0	69	1	9	0	149	0	7	20	0	16	82	31
1	0	2	0	0	0	7	0	1	0	0	0	2	3
67	150	65	2	6	0	104	3	12	40	0	5	576	30
3	0	1	0	0	0	15	1	0	0	0	0	1	3
42	0	24	1	6	0	99	1	0	20	0	12	88	17
21	0	43	0	7	0	69	1	1	0	0	20	93	4
22	0	35	17	14	0	186	0	32	340	0	27	69	28
2	0	9	0	0	0	19	2	6	0	0	2	4	4
45	0	4	2	0	0	27	0	2	40	0	2	15	11
6	0	4	0	0	0	23	0	1	0	0	5	35	5
10	0	28	0	2	0	30	0	2	0	0	1	99	18
22	50	19	1	13	0	62	0	0	20	0	1	250	14
42	0	231	2	24	0	196	7	31	40	0	24	175	26
0	0	2	0	0	0	0	0	0	0	0	0	0	4
2	0	22	0	0	0	12	0	10	0	0	0	11	5
1	0	1	0	0	0	2	1	0	0	0	1	6	4
7	0	46	1	4	0	49	0	1	20	0	3	79	10
10	0	11	1	0	0	19	0	1	20	0	2	24	5
15	0	35	1	0	0	14	0	0	20	0	0	13	7
8	0	47	0	3	0	15	0	0	0	0	1	15	9
35	0	53	2	9	0	74	0	7	40	0	8	63	10
2	0	1	1	1	0	3	3	3	20	0	0	2	14
200	0	200	19	38	0	391	10	37	380	0	62	201	90
32	0	46	2	4	0	98	7	9	40	0	19	135	43
93	50	46	6	11	0	71	0	16	120	0	15	54	44
28	0	50	22	14	0	107	2	9	440	0	6	51	25
14	0	11	2	0	0	18	0	0	40	0	3	61	5
6	0	2	1	0	0	5	0	0	20	0	2	2	8
14	50	7	0	0	0	9	0	0	0	0	2	3	5
178	0	140	11	5	0	143	6	20	220	0	20	200	30
2	0	3	1	0	0	3	3	0	20	0	0	4	11
29	0	14	5	1	0	97	1	4	100	0	7	11	59
17	0	30	10	0	0	16	1	1	200	0	18	18	8
39	0	551	8	33	0	450	9	53	160	0	32	390	60
18	0	35	2	6	0	82	0	4	40	0	1	54	10
48	0	36	0	11	0	98	0	1	0	0	29	132	20
74	100	84	11	7	0	233	5	22	220	0	13	93	34
2	0	11	0	3	0	16	0	4	0	0	4	6	20
54	0	65	2	16	0	174	1	9	40	0	15	115	19
3	0	9	0	0	0	5	0	0	0	0	0	3	0
4	0	14	1	1	0	24	0	3	20	0	2	42	10
17	0	58	0	3	0	59	1	3	0	0	2	58	6
24	50	14	3	6	0	55	0	1	60	0	4	50	21
48	0	90	11	4	0	95	3	8	220	0	20	61	20
22	0	233	21	20	0	274	10	23	420	0	14	152	58
6	0	3	1	0	0	1	0	0	20	0	0	1	2
45	0	164	22	23	0	134	2	10	440	0	2	88	34
2	0	17	1	0	0	29	1	4	20	0	1	7	9
3	0	3	2	0	0	1	3	4	40	0	0	2	13
1	0	6	1	0	0	18	0	1	20	0	12	4	13
32	50	235	3	14	0	168	4	9	60	0	6	206	41
7	0	26	1	2	0	34	0	1	20	0	5	29	3
8	0	0	1	0	0	6	0	0	20	0	0	5	6
27	0	60	3	3	0	79	10	18	60	0	1	66	32
38	0	59	0	12	0	100	0	7	0	0	1	123	21
110	0	136	6	29	0	221	8	24	120	0	47	135	37
0	0	0	0	1	0	3	3	1	0	0	0	0	3
14	0	54	2	2	0	194	2	9	40	0	2	25	35
4	0	22	0	2	0	26	0	4	0	0	2	13	5
16	0	12	0	4	0	36	0	0	0	0	6	55	7
33	50	68	6	9	0	53	1	48	120	0	11	22	15
51	100	8	1	1	0	37	0	2	20	0	5	13	16
156	0	272	12	17	0	290	2	26	240	0	10	230	31
52	0	75	1	4	0	127	0	5	20	0	6	114	21
0	0	2	0	0	0	9	0	0	0	0	0	3	0
18	0	463	8	31	0	347	5	33	160	0	21	436	29
102	0	52	2	11	0	219	4	11	40	0	22	89	21
22	50	40	5	1	0	38	2	1	100	0	1	45	14
147	0	536	14	38	0	446	4	56	280	0	28	361	85
62	0	288	14	28	0	341	10	34	280	0	19	433	52
3	0	12	0	2	0	73	0	0	0	0	7	14	19
19	0	326	17	16	0	157	4	21	340	0	5	219	12
43	0	49	0	7	0	62	0	4	0	0	10	75	16
23	0	95	4	9	0	149	1	16	80	0	3	61	30
0	0	1	0	1	0	1	1	0	0	0	0	2	2
29	0	390	16	21	0	275	11	67	320	0	19	297	41
17	0	40	2	6	0	107	0	1	40	0	16	26	20
66	100	93	6	5	0	112	1	11	120	0	8	61	23
2	0	136	3	21	0	90	5	8	60	0	22	129	15
11	0	34	0	15	0	132	0	3	0	0	10	65	17
18	0	315	6	15	0	148	2	8	120	0	7	188	31
68	0	36	0	7	0	77	0	2	0	0	14	59	24
0	0	5	1	21	100	5	2	0	20	250	1	1	15
32	0	47	5	4	0	143	0	15	100	0	10	60	43
28	0	326	5	46	0	421	10	31	100	0	8	532	57
21	150	60	16	18	0	57	4	3	320	0	4	65	5
114	50	257	5	51	0	760	13	34	100	0	50	626	94
20	0	141	9	7	0	127	2	7	180	0	28	118	27
19	0	33	2	6	0	29	1	1	40	0	3	32	6
73	0	182	4	23	0	144	6	20	80	0	3	98	58
3	0	5	0	3	0	10	0	0	0	0	3	7	4
2	0	7	0	0	0	2	3	1	0	0	1	3	15
20	0	55	0	4	0	39	0	3	0	0	21	58	16
120	0	185	9	39	0	256	2	23	180	0	14	315	55
18	0	110	7	9	0	63	1	5	140	0	1	39	16
7	0	110	16	6	0	47	1	9	320	0	4	34	8
0	0	2	0	0	0	6	0	0	0	0	2	3	1
35	0	304	13	35	0	453	12	21	260	0	3	544	65
72	50	617	16	56	0	1143	17	96	320	0	10	740	133
43	0	88	2	4	0	112	2	22	40	0	9	49	32
17	50	43	2	1	0	29	5	5	40	0	2	11	17
13	0	133	7	9	0	204	2	45	140	0	17	74	37
38	50	116	18	10	0	132	1	11	360	0	3	220	47
0	0	5	0	0	0	4	0	1	0	0	0	1	2
3	0	139	0	4	0	63	3	3	0	0	0	279	5
29	0	23	6	2	0	78	0	5	120	0	1	59	17
1	0	0	0	0	0	4	0	0	0	0	0	1	7
0	0	3	0	0	0	1	0	0	0	0	1	10	1
14	0	193	15	4	0	115	12	7	300	0	1	224	65
89	0	58	2	6	0	177	1	9	40	0	2	54	20
18	0	32	4	14	0	36	0	2	80	0	3	23	25
2	50	0	0	0	0	6	0	0	0	0	0	0	6
2	0	0	0	0	0	11	0	0	0	0	2	2	4
2	0	0	0	0	0	0	0	0	0	0	0	0	0
7	0	1	4	0	0	7	0	1	80	0	1	1	8
0	0	1	0	0	0	0	0	0	0	0	1	0	0
0	0	3	1	0	0	18	0	0	20	0	3	3	7
33	50	12	1	0	0	17	1	0	20	0	0	22	9
1	0	1	0	0	0	0	0	0	0	0	0	0	1
10	0	30	0	2	0	11	0	4	0	0	3	25	4
