1	10	3	10	74	0	0	0	0	0	0	0	0	0	0	0	0	0	0	0	0	0	0	0	0	0	0	0	0	0	0	0	0	0	0	0	0	0	0	0	0	0	0	323	134	243	165	344	125	239	268	220	197	100	99	148	238	141	139	206	168	66	187
0	37	0	10	51	0	0	0	0	0	0	0	0	0	0	0	0	0	0	0	0	0	0	0	0	0	0	0	0	0	0	0	0	0	0	0	0	0	0	0	0	0	0	209	223	195	275	200	180	264	307	355	220	94	104	212	251	254	126	223	190	108	250
19	59	0	4	17	22	85	20	2	6	0	15	0	1	56	0	1	27	7	0	0	0	0	0	0	0	0	0	0	0	0	0	0	0	0	0	0	0	0	0	0	0	0	59	96	96	160	87	104	213	174	172	68	65	42	73	117	107	38	113	84	63	98
0	49	0	7	42	0	0	0	0	0	0	0	0	0	0	0	0	0	0	0	0	0	0	0	0	0	0	0	0	0	0	0	0	0	0	0	0	0	0	0	0	0	0	81	103	100	183	106	90	429	399	270	118	115	107	58	138	186	83	140	91	100	117
3	27	0	4	64	0	0	6	0	0	0	5	0	5	10	0	0	2	3	0	0	0	0	0	0	0	0	0	0	0	0	0	0	0	0	0	0	0	0	0	0	0	0	91	45	66	165	98	98	452	224	317	161	94	100	69	89	141	78	190	63	66	115
4	68	0	8	17	6	17	15	0	1	0	11	0	2	6	0	1	16	1	0	0	0	0	0	0	0	0	0	0	0	0	0	0	0	0	0	0	0	0	0	0	0	0	232	272	288	560	289	299	823	533	772	182	196	294	222	372	415	132	448	285	183	393
0	45	0	8	46	8	0	1	0	0	0	8	0	1	0	0	1	1	2	0	0	0	0	0	0	0	0	0	0	0	0	0	0	0	0	0	0	0	0	0	0	0	0	61	75	71	100	50	72	287	267	143	64	34	34	67	80	120	32	99	65	53	70
1	41	0	9	46	0	0	0	0	0	0	0	0	0	0	0	0	0	0	0	0	0	0	0	0	0	0	0	0	0	0	0	0	0	0	0	0	0	0	0	0	0	0	192	202	206	311	189	142	744	603	495	185	212	142	162	244	335	145	302	182	156	198
0	77	0	0	22	0	0	1	1	0	0	1	0	2	26	0	1	1	0	0	0	0	0	0	0	0	0	0	0	0	0	0	0	0	0	0	0	0	0	0	0	0	0	36	36	48	46	31	23	63	112	62	61	31	43	28	41	68	42	73	18	32	39
3	64	0	19	12	0	0	0	0	0	0	0	0	0	0	0	0	1	0	0	0	0	0	0	0	0	0	0	0	0	0	0	0	0	0	0	0	0	0	0	0	0	0	202	330	264	591	247	239	1215	941	905	241	263	325	230	393	520	218	528	320	254	380
0	60	0	0	38	2	0	11	2	0	0	5	0	0	40	0	1	5	2	0	0	0	0	0	0	0	0	0	0	0	0	0	0	0	0	0	0	0	0	0	0	0	0	354	313	420	582	359	369	718	464	690	235	166	156	347	535	537	162	484	343	244	384
7	35	0	0	57	0	0	0	0	1	61	1	0	0	0	154	0	0	0	0	0	0	0	0	0	0	0	0	0	0	0	0	0	0	0	0	0	0	0	0	0	0	0	47	81	65	137	36	85	313	208	219	54	114	38	33	70	90	36	147	90	66	57
0	49	1	4	43	0	0	0	0	0	0	0	0	0	0	0	0	0	0	0	0	0	0	0	0	0	0	0	0	0	0	0	0	0	0	0	0	0	0	0	0	0	0	431	534	513	659	453	413	515	683	773	416	381	313	439	681	663	334	583	479	389	483
0	65	0	1	33	0	7	0	0	0	0	0	0	0	0	0	0	0	0	0	0	0	0	0	0	0	0	0	0	0	0	0	0	0	0	0	0	0	0	0	0	0	0	276	283	335	505	303	275	899	728	648	280	204	255	277	418	468	201	470	285	204	399
0	38	0	5	55	0	0	0	0	0	0	1	1	1	16	0	0	0	9	0	0	0	0	0	0	0	0	0	0	0	0	0	0	0	0	0	0	0	0	0	0	0	0	58	70	49	120	50	72	205	172	189	41	52	26	58	86	92	11	60	51	42	83
0	44	0	1	54	0	0	2	0	5	149	3	0	0	0	372	0	2	2	0	0	0	0	0	0	0	0	0	0	0	0	0	0	0	0	0	0	0	0	0	0	0	0	45	64	84	238	74	106	225	193	298	37	82	64	64	160	82	41	221	74	74	210
0	62	0	0	37	0	0	0	0	0	0	0	0	1	0	0	0	0	0	0	0	0	0	0	0	0	0	0	0	0	0	0	0	0	0	0	0	0	0	0	0	0	0	80	151	89	148	87	59	169	230	205	99	149	86	52	135	153	76	113	127	87	85
3	42	0	46	8	0	0	0	0	0	0	1	0	0	0	0	0	0	0	0	0	0	0	0	0	0	0	0	0	0	0	0	0	0	0	0	0	0	0	0	0	0	0	21	27	25	26	30	7	330	402	75	57	39	53	21	31	108	17	127	35	22	22
15	46	0	0	38	9	0	0	1	0	0	5	1	3	20	0	4	4	4	0	0	0	0	0	0	0	0	0	0	0	0	0	0	0	0	0	0	0	0	0	0	0	0	97	114	107	204	105	96	475	287	329	90	128	83	98	144	205	59	224	120	82	128
1	83	0	7	7	0	0	0	0	0	0	0	0	0	0	0	0	0	0	0	0	0	0	0	0	0	0	0	0	0	0	0	0	0	0	0	0	0	0	0	0	0	0	165	128	189	278	158	151	488	373	461	115	100	159	156	223	336	99	307	170	149	269
0	60	8	0	31	0	0	0	0	0	0	0	0	0	0	0	0	0	0	0	0	0	0	0	0	0	0	0	0	0	0	0	0	0	0	0	0	0	0	0	0	0	0	213	171	238	234	212	167	385	364	293	149	109	113	171	235	221	102	245	190	134	183
1	60	0	4	33	2	0	2	0	0	0	4	1	11	11	0	2	4	4	0	0	0	0	0	0	0	0	0	0	0	0	0	0	0	0	0	0	0	0	0	0	0	0	139	224	147	291	129	155	257	349	359	146	182	83	168	173	254	100	169	201	151	99
3	60	0	7	28	0	9	0	1	0	0	3	0	0	26	0	0	0	1	0	0	0	0	0	0	0	0	0	0	0	0	0	0	0	0	0	0	0	0	0	0	0	0	284	287	319	479	237	261	680	517	480	218	144	134	240	445	323	118	332	283	180	388
0	47	5	0	46	0	0	0	0	0	0	0	0	0	0	0	0	0	0	0	0	0	0	0	0	0	0	0	0	0	0	0	0	0	0	0	0	0	0	0	0	0	0	79	90	62	104	63	60	241	266	215	98	90	49	38	90	144	52	104	86	87	77
0	0	0	0	37	39	0	18	7	5	0	95	1	2	157	0	17	54	16	0	0	0	0	0	0	0	0	0	0	0	0	0	0	0	0	0	0	0	0	0	0	0	0	69	95	100	180	85	98	355	267	322	74	80	78	52	120	145	55	244	91	88	107
3	36	0	16	44	0	0	0	0	0	0	0	0	0	0	0	0	0	0	0	0	0	0	0	0	0	0	0	0	0	0	0	0	0	0	0	0	0	0	0	0	0	0	304	307	344	430	297	310	925	745	676	316	294	297	244	426	507	244	514	340	229	280
0	91	0	0	7	5	0	0	0	0	0	4	0	0	10	0	0	1	2	0	0	0	0	0	0	0	0	0	0	0	0	0	0	0	0	0	0	0	0	0	0	0	0	426	536	565	725	485	422	947	927	797	340	231	315	347	739	868	255	582	539	254	505
0	72	0	0	26	0	0	0	0	0	0	0	0	0	16	0	0	0	0	0	0	0	0	0	0	0	0	0	0	0	0	0	0	0	0	0	0	0	0	0	0	0	0	193	200	194	313	171	177	336	292	399	161	174	88	143	276	242	109	232	233	141	230
0	60	0	0	39	0	0	0	5	0	0	2	1	0	118	0	0	0	0	0	0	0	0	0	0	0	0	0	0	0	0	0	0	0	0	0	0	0	0	0	0	0	0	330	332	363	519	299	313	347	354	554	189	176	97	279	480	437	138	263	251	158	357
0	68	0	5	26	2	0	6	0	0	0	4	0	0	4	0	0	4	2	0	0	0	0	0	0	0	0	0	0	0	0	0	0	0	0	0	0	0	0	0	0	0	0	314	361	362	657	321	278	1287	819	951	502	256	505	282	510	690	264	634	444	257	463
0	0	0	0	21	35	0	107	10	4	0	111	3	11	203	0	11	109	22	0	0	0	0	0	0	0	0	0	0	0	0	0	0	0	0	0	0	0	0	0	0	0	0	29	69	34	52	29	41	143	152	68	98	77	60	41	42	92	70	87	64	44	35
0	40	0	2	56	34	134	72	16	8	0	71	1	3	322	0	4	115	3	0	0	0	0	0	0	0	0	0	0	0	0	0	0	0	0	0	0	0	0	0	0	0	0	56	57	61	79	58	51	139	106	118	66	41	42	74	72	79	38	68	62	40	94
0	52	0	15	31	2	0	13	0	2	0	11	0	0	14	0	1	7	2	0	0	0	0	0	0	0	0	0	0	0	0	0	0	0	0	0	0	0	0	0	0	0	0	102	119	126	216	101	134	416	277	359	80	107	106	88	164	215	119	231	130	129	145
0	0	0	0	2	1	0	0	0	0	0	0	0	0	0	0	0	1	2	0	0	0	0	0	0	0	0	0	0	0	0	0	0	0	0	0	0	0	0	0	0	0	0	33	54	41	81	45	31	288	298	120	90	39	37	22	56	108	61	113	68	44	41
0	14	0	0	83	0	0	1	0	0	0	0	0	0	11	0	0	0	0	0	0	0	0	0	0	0	0	0	0	0	0	0	0	0	0	0	0	0	0	0	0	0	0	356	159	264	197	308	173	333	193	231	92	129	49	206	269	151	92	229	173	138	146
4	54	0	5	35	8	0	4	8	0	0	10	0	2	170	0	1	3	5	0	0	0	0	0	0	0	0	0	0	0	0	0	0	0	0	0	0	0	0	0	0	0	0	214	236	196	207	202	118	239	258	270	152	141	36	150	226	277	84	201	209	152	145
0	53	0	14	32	3	0	7	3	0	0	10	0	0	62	0	2	7	3	0	0	0	0	0	0	0	0	0	0	0	0	0	0	0	0	0	0	0	0	0	0	0	0	311	199	314	586	323	302	762	621	792	169	186	207	253	459	404	201	434	218	186	467
0	66	1	7	23	19	0	37	1	7	0	45	0	1	38	0	8	41	11	0	1	3	3	1	6	2	8	1	1	3	2	0	1	3	3	1	6	2	8	1	1	3	2	204	136	208	379	192	240	515	375	451	82	108	73	177	308	264	103	282	149	150	290
0	60	0	17	22	0	0	0	0	0	0	0	0	0	9	0	0	0	0	0	0	0	0	0	0	0	0	0	0	0	0	0	0	0	0	0	0	0	0	0	0	0	0	170	207	226	369	207	213	652	486	524	175	172	130	192	279	436	178	402	220	156	318
0	95	0	3	0	47	0	103	17	16	0	108	2	12	359	0	22	130	22	1	5	1	2	3	4	2	4	4	3	1	2	1	5	1	2	3	4	2	4	4	3	1	2	124	107	138	214	124	107	331	280	271	89	78	116	121	197	172	38	143	136	108	150
0	44	0	15	39	0	0	0	0	0	0	0	0	0	0	0	0	0	0	0	0	0	0	0	0	0	0	0	0	0	0	0	0	0	0	0	0	0	0	0	0	0	0	346	310	453	770	347	468	998	688	962	219	290	271	325	619	542	249	679	357	306	530
0	92	0	0	7	6	0	0	3	0	0	3	0	0	72	0	1	0	1	0	0	0	0	0	0	0	0	0	0	0	0	0	0	0	0	0	0	0	0	0	0	0	0	144	136	162	261	152	171	328	259	375	114	103	114	136	201	207	77	247	132	97	207
0	76	0	0	23	5	0	1	14	0	0	11	1	3	299	0	2	0	11	0	0	0	0	0	0	0	0	0	0	0	0	0	0	0	0	0	0	0	0	0	0	0	0	99	63	104	106	94	60	174	187	115	61	34	52	59	138	90	45	102	74	61	102
0	0	0	0	15	3	82	1	2	3	0	19	0	0	44	0	1	3	3	0	0	0	0	0	0	0	0	0	0	0	0	0	0	0	0	0	0	0	0	0	0	0	0	63	86	78	95	49	53	328	405	136	117	114	88	63	100	197	64	137	103	86	77
1	76	0	4	17	4	0	8	1	1	0	15	0	1	39	0	6	11	6	1	4	4	3	2	3	4	1	0	4	5	3	1	4	4	3	2	3	4	1	0	4	5	3	601	732	694	1556	671	707	1111	751	1922	463	554	667	565	1026	872	368	1046	718	557	973
0	69	0	17	13	11	0	34	3	4	0	28	1	4	65	0	2	48	11	0	0	0	0	0	0	0	0	0	0	0	0	0	0	0	0	0	0	0	0	0	0	0	0	178	113	192	88	177	96	239	265	146	228	76	152	118	191	165	196	157	127	60	176
1	73	0	0	25	0	0	0	0	0	0	1	0	0	0	0	0	1	0	0	0	0	0	0	0	0	0	0	0	0	0	0	0	0	0	0	0	0	0	0	0	0	0	572	699	644	1126	602	574	1302	1028	1254	400	356	419	466	892	971	296	754	716	403	741
0	51	0	1	46	29	80	4	7	2	0	57	0	0	145	0	0	15	5	0	0	0	0	0	0	0	0	0	0	0	0	0	0	0	0	0	0	0	0	0	0	0	0	44	93	66	70	46	51	89	111	99	38	82	54	42	82	93	33	56	90	64	41
5	73	0	3	16	0	0	0	0	0	0	1	0	0	3	0	2	5	0	0	0	0	0	0	0	0	0	0	0	0	0	0	0	0	0	0	0	0	0	0	0	0	0	558	635	709	885	505	607	939	911	1018	599	263	288	527	916	784	339	574	577	258	658
1	57	0	0	38	1	0	3	0	1	0	3	0	0	18	0	0	2	1	0	0	0	0	0	0	0	0	0	0	0	0	0	0	0	0	0	0	0	0	0	0	0	0	623	739	818	1167	593	656	1005	1021	1129	472	391	249	556	1033	1156	342	762	727	424	806
0	0	0	0	25	1	0	6	2	0	0	8	0	0	55	0	5	6	7	0	0	0	0	0	0	0	0	0	0	0	0	0	0	0	0	0	0	0	0	0	0	0	0	56	115	72	136	62	76	250	260	185	169	74	28	77	98	158	69	103	124	79	65
0	63	0	17	17	0	0	0	0	0	0	0	0	0	0	0	0	0	0	0	0	0	0	0	0	0	0	0	0	0	0	0	0	0	0	0	0	0	0	0	0	0	0	253	240	272	502	251	268	471	368	656	163	191	229	205	364	425	130	386	250	196	337
0	95	0	0	4	69	26	16	10	2	0	30	1	2	215	0	18	14	14	0	0	0	0	0	0	0	0	0	0	0	0	0	0	0	0	0	0	0	0	0	0	0	0	78	71	77	176	85	71	273	164	261	58	106	79	94	113	173	46	162	71	104	160
0	36	0	24	38	0	0	1	5	0	0	1	0	0	103	0	0	2	1	0	0	0	0	0	0	0	0	0	0	0	0	0	0	0	0	0	0	0	0	0	0	0	0	91	57	85	121	69	71	322	158	269	118	38	119	45	92	146	81	204	75	47	146
0	62	0	6	30	0	0	0	0	0	0	0	0	0	0	0	0	0	0	0	0	0	0	0	0	0	0	0	0	0	0	0	0	0	0	0	0	0	0	0	0	0	0	102	111	124	309	111	163	548	269	398	84	132	110	127	198	168	72	246	116	124	206
4	60	0	0	34	38	60	7	7	0	0	15	0	0	156	0	1	6	5	0	0	0	0	0	0	0	0	0	0	0	0	0	0	0	0	0	0	0	0	0	0	0	0	439	155	396	230	493	155	382	260	248	136	96	95	179	332	202	106	222	168	126	245
0	34	0	12	52	0	0	5	0	1	0	5	0	0	15	0	0	8	1	0	0	0	0	0	0	0	0	0	0	0	0	0	0	0	0	0	0	0	0	0	0	0	0	429	199	302	110	411	117	574	578	177	568	147	210	156	249	364	338	295	236	102	175
0	11	0	20	66	0	0	0	0	0	0	2	0	0	10	0	2	0	2	0	0	0	0	0	0	0	0	0	0	0	0	0	0	0	0	0	0	0	0	0	0	0	0	166	112	143	92	156	60	131	199	136	95	60	40	96	134	154	58	124	114	87	99
0	0	0	0	7	9	0	25	34	0	0	30	3	6	695	0	12	7	30	0	0	0	0	0	0	0	0	0	0	0	0	0	0	0	0	0	0	0	0	0	0	0	0	30	29	21	41	24	14	96	95	77	43	24	25	16	34	40	21	60	20	28	27
0	93	0	0	5	10	0	59	15	5	0	48	2	7	306	0	12	70	22	0	0	0	0	0	0	0	0	0	0	0	0	0	0	0	0	0	0	0	0	0	0	0	0	113	107	119	214	97	104	310	220	250	79	62	84	93	139	173	61	169	124	113	177
0	61	0	6	31	49	0	40	12	3	0	59	2	1	258	0	6	63	14	0	0	0	0	0	0	0	0	0	0	0	0	0	0	0	0	0	0	0	0	0	0	0	0	55	65	68	131	57	77	205	182	159	53	70	42	65	93	111	40	74	55	62	78
0	0	0	0	2	0	0	5	0	0	0	1	0	0	0	0	1	1	3	0	0	0	0	0	0	0	0	0	0	0	0	0	0	0	0	0	0	0	0	0	0	0	0	73	63	63	110	74	87	133	133	127	52	46	55	72	127	67	57	62	58	40	107
0	94	0	0	5	0	0	5	0	0	0	5	0	0	5	0	0	14	1	0	0	0	0	0	0	0	0	0	0	0	0	0	0	0	0	0	0	0	0	0	0	0	0	130	117	131	307	157	158	496	364	409	120	175	196	155	196	231	130	295	123	222	236
0	0	0	0	29	1	0	2	0	0	0	3	0	1	0	0	5	6	2	0	1	1	2	0	3	0	0	1	1	3	2	0	1	1	2	0	3	0	0	1	1	3	2	73	114	121	186	95	113	275	300	223	94	92	44	100	169	120	45	102	113	68	94
0	0	0	0	17	7	0	12	0	12	0	43	0	1	0	0	25	18	17	0	0	0	0	0	0	0	0	0	0	0	0	0	0	0	0	0	0	0	0	0	0	0	0	41	42	35	90	29	57	166	104	142	44	66	47	55	61	92	59	105	41	59	89
0	46	0	9	43	0	0	2	0	0	0	4	0	0	8	0	0	3	5	1	2	1	2	5	4	2	5	3	2	3	5	1	2	1	2	5	4	2	5	3	2	3	5	262	161	291	376	267	214	674	501	497	175	129	149	205	352	281	134	293	215	190	227
3	24	0	3	67	0	0	0	0	0	0	0	0	0	0	0	0	0	0	0	0	0	0	0	0	0	0	0	0	0	0	0	0	0	0	0	0	0	0	0	0	0	0	17259	2709	12580	3357	16722	4037	2558	1583	3421	3537	687	1277	5513	9673	3692	3275	4564	3721	959	4964
0	70	1	0	26	10	34	12	23	3	0	23	0	3	467	0	4	54	6	0	0	0	0	0	0	0	0	0	0	0	0	0	0	0	0	0	0	0	0	0	0	0	0	76	176	109	187	63	106	381	460	243	114	123	92	86	154	225	78	185	148	120	104
0	67	0	7	24	0	0	0	0	0	0	0	0	0	0	0	0	0	0	0	0	0	0	0	0	0	0	0	0	0	0	0	0	0	0	0	0	0	0	0	0	0	0	82	103	107	283	85	114	594	460	394	125	129	73	97	147	195	64	198	140	91	159
3	35	4	6	50	2	6	2	0	0	0	3	0	0	9	0	0	2	0	0	0	0	0	0	0	0	0	0	0	0	0	0	0	0	0	0	0	0	0	0	0	0	0	8008	1098	6027	1393	7243	1804	2723	2175	1855	1113	501	532	2053	4254	1752	1352	2057	1553	548	1953
23	50	0	0	24	0	0	0	0	0	0	0	0	0	0	0	0	0	0	0	1	1	0	1	2	2	0	1	1	0	1	0	1	1	0	1	2	2	0	1	1	0	1	81	138	122	220	89	139	265	177	249	72	102	46	96	162	166	83	174	117	109	121
0	67	0	25	6	18	0	59	7	8	0	71	2	7	151	0	51	110	14	0	0	0	0	0	0	0	0	0	0	0	0	0	0	0	0	0	0	0	0	0	0	0	0	70	153	91	177	78	94	547	483	243	154	180	117	92	149	277	130	271	130	159	83
2	53	0	4	38	9	0	35	1	3	0	31	0	3	24	0	9	79	15	1	3	2	8	6	5	6	8	10	9	7	10	1	3	2	8	6	5	6	8	10	9	7	10	160	207	191	287	182	208	304	289	422	131	162	101	127	217	361	139	380	179	149	179
0	88	0	0	11	0	0	0	0	0	0	0	0	0	0	0	0	0	0	0	0	0	0	0	0	0	0	0	0	0	0	0	0	0	0	0	0	0	0	0	0	0	0	194	271	279	503	253	234	322	304	668	229	211	267	253	392	305	142	319	273	205	382
0	50	0	19	30	11	22	2	0	0	0	4	0	0	3	0	0	2	0	1	1	3	2	1	5	1	4	2	0	5	2	1	1	3	2	1	5	1	4	2	0	5	2	440	440	549	1007	519	522	774	844	1328	300	225	366	374	750	602	291	826	456	311	648
0	23	0	38	37	13	35	16	4	0	0	24	1	1	98	0	2	12	6	1	5	7	6	2	6	10	7	4	8	6	7	1	5	7	6	2	6	10	7	4	8	6	7	128	222	204	288	149	204	466	400	411	164	115	112	109	242	225	120	295	198	146	165
1	80	0	0	17	20	0	21	1	1	0	36	2	1	23	0	6	28	10	0	0	0	0	0	0	0	0	0	0	0	0	0	0	0	0	0	0	0	0	0	0	0	0	159	193	223	255	185	142	334	229	372	154	110	93	123	247	237	114	262	175	128	175
0	0	0	0	4	3	0	31	7	9	0	25	4	4	150	0	4	77	8	0	0	0	0	0	0	0	0	0	0	0	0	0	0	0	0	0	0	0	0	0	0	0	0	84	42	57	63	66	25	148	231	102	120	52	127	62	68	106	49	68	62	99	58
31	11	0	5	50	44	0	8	1	3	0	47	0	2	36	0	9	28	4	0	0	0	0	0	0	0	0	0	0	0	0	0	0	0	0	0	0	0	0	0	0	0	0	40	31	34	52	46	20	125	137	65	60	27	65	22	36	51	38	73	34	29	61
16	53	0	16	13	38	0	30	19	6	0	36	0	7	397	0	6	24	26	5	15	17	18	18	13	18	20	15	23	18	18	5	15	17	18	18	13	18	20	15	23	18	18	74	100	110	185	82	89	241	276	267	69	83	70	100	144	165	59	197	105	74	126
31	63	0	2	2	71	36	579	19	32	0	347	20	45	399	0	34	917	117	0	0	0	0	0	0	0	0	0	0	0	0	0	0	0	0	0	0	0	0	0	0	0	0	82	47	61	29	90	23	182	233	61	71	14	68	63	59	75	48	45	62	38	51
0	63	2	3	30	9	22	0	1	0	0	22	0	0	27	0	1	3	0	0	0	0	0	0	0	0	0	0	0	0	0	0	0	0	0	0	0	0	0	0	0	0	0	156	223	184	379	151	232	552	471	513	167	113	142	160	291	345	158	348	212	158	290
0	87	0	0	12	4	0	3	0	0	0	13	0	0	19	0	2	7	4	0	0	0	0	0	0	0	0	0	0	0	0	0	0	0	0	0	0	0	0	0	0	0	0	81	135	114	185	72	74	136	176	230	74	91	79	81	148	128	58	122	109	84	138
0	36	0	20	42	9	0	59	4	8	0	71	1	7	96	0	17	63	8	9	22	26	28	38	35	28	46	42	29	33	39	9	22	26	28	38	35	28	46	42	29	33	39	177	152	197	388	174	186	536	414	420	137	81	156	156	284	342	97	273	175	107	307
0	60	0	16	23	126	31	139	1	12	0	200	15	19	25	0	24	425	33	0	0	0	0	0	0	0	0	0	0	0	0	0	0	0	0	0	0	0	0	0	0	0	0	58	69	64	123	92	55	213	113	175	65	71	120	44	103	62	37	111	70	68	82
0	93	0	0	6	15	0	4	0	2	0	30	0	0	0	0	2	17	3	0	0	0	0	0	0	0	0	0	0	0	0	0	0	0	0	0	0	0	0	0	0	0	0	48	71	69	109	75	53	129	121	170	73	54	76	59	77	66	38	70	71	52	89
0	40	0	16	42	1	0	0	6	0	0	9	0	4	139	0	18	3	9	0	0	0	0	0	0	0	0	0	0	0	0	0	0	0	0	0	0	0	0	0	0	0	0	51	118	67	141	64	85	229	277	173	124	92	54	81	95	110	55	105	86	73	67
0	85	0	0	13	0	0	0	10	0	0	3	0	0	214	0	1	1	6	6	17	27	25	27	27	16	26	21	18	13	18	6	17	27	25	27	27	16	26	21	18	13	18	89	46	93	43	90	27	231	243	29	75	12	55	34	61	88	74	62	76	52	62
0	66	0	0	31	7	0	66	9	9	0	57	2	7	198	0	11	72	9	0	0	0	0	0	0	0	0	0	0	0	0	0	0	0	0	0	0	0	0	0	0	0	0	78	103	84	186	93	109	268	166	263	62	69	78	72	138	135	36	145	75	65	134
2	81	0	11	5	62	0	58	68	5	0	145	17	20	1363	0	77	83	80	0	0	0	0	0	0	0	0	0	0	0	0	0	0	0	0	0	0	0	0	0	0	0	0	7	42	16	53	15	21	93	128	66	66	43	30	15	35	34	23	30	47	19	58
0	91	0	5	3	6	0	12	0	0	0	14	0	1	15	0	0	14	6	0	0	0	0	0	0	0	0	0	0	0	0	0	0	0	0	0	0	0	0	0	0	0	0	211	193	195	346	202	190	309	273	489	105	116	87	164	266	326	116	313	190	143	244
0	80	0	0	19	25	0	265	6	41	0	183	4	21	135	0	17	313	30	0	0	0	0	0	0	0	0	0	0	0	0	0	0	0	0	0	0	0	0	0	0	0	0	153	150	174	336	168	181	175	134	265	108	94	49	157	218	164	67	146	123	84	231
0	63	0	0	35	2	0	0	1	0	0	3	0	0	24	0	7	2	4	0	0	0	0	0	0	0	0	0	0	0	0	0	0	0	0	0	0	0	0	0	0	0	0	135	177	158	288	145	184	357	239	409	99	125	52	152	198	226	87	198	139	110	156
1	56	1	6	33	2	0	3	0	1	20	4	0	0	19	51	1	5	1	0	0	0	1	0	0	0	0	0	0	0	0	0	0	0	1	0	0	0	0	0	0	0	0	3355	1097	2104	884	3224	876	1495	1640	1135	1856	590	477	1163	1803	1246	987	1155	1275	554	1156
3	79	0	9	8	3	0	4	0	0	0	12	0	0	19	0	3	8	2	3	8	7	8	10	15	8	10	18	13	6	8	3	8	7	8	10	15	8	10	18	13	6	8	93	162	121	236	96	89	374	681	420	283	135	208	89	141	377	177	291	166	140	172
0	56	0	3	39	4	0	8	17	2	83	21	2	6	352	209	13	18	16	0	0	0	0	0	0	0	0	0	0	0	0	0	0	0	0	0	0	0	0	0	0	0	0	32	50	43	78	27	51	115	146	110	51	28	53	23	72	128	30	124	45	38	72
0	69	0	11	19	395	380	382	22	68	0	382	9	49	456	0	129	648	110	4	5	9	17	9	9	11	11	12	15	15	14	4	5	9	17	9	9	11	11	12	15	15	14	20	24	27	48	23	17	38	51	63	19	28	22	22	29	30	14	25	32	24	32
0	75	0	4	20	14	0	22	1	0	0	45	0	1	24	0	5	31	5	0	0	0	0	0	0	0	0	0	0	0	0	0	0	0	0	0	0	0	0	0	0	0	0	118	199	163	261	148	155	297	319	326	116	82	86	113	213	217	101	235	175	95	151
0	90	0	0	9	37	0	99	0	3	0	50	2	3	7	0	7	65	5	1	0	1	1	1	0	1	2	1	1	0	1	1	0	1	1	1	0	1	2	1	1	0	1	136	118	133	255	155	131	182	150	286	145	94	110	112	185	102	78	146	139	84	116
0	76	0	0	22	5	0	6	0	1	0	20	0	2	10	0	2	12	3	3	1	5	1	1	4	5	3	2	2	0	1	3	1	5	1	1	4	5	3	2	2	0	1	281	240	260	444	283	238	346	196	474	152	87	65	176	345	245	100	244	249	132	237
9	28	0	13	47	6	0	0	0	0	0	2	0	0	12	0	2	2	1	0	0	0	0	0	0	0	0	0	0	0	0	0	0	0	0	0	0	0	0	0	0	0	0	675	330	620	613	679	386	638	728	817	421	318	309	348	637	506	370	552	380	239	536
0	93	0	0	6	43	0	54	1	19	0	74	0	2	27	0	10	89	10	0	0	0	0	0	0	0	0	0	0	0	0	0	0	0	0	0	0	0	0	0	0	0	0	62	76	70	118	55	66	124	104	159	65	60	65	55	122	135	38	130	98	64	82
0	72	0	13	12	3	3	3	0	0	0	8	0	0	9	0	4	9	2	0	0	0	0	0	0	0	0	0	0	0	0	0	0	0	0	0	0	0	0	0	0	0	0	990	841	1131	1440	937	960	1169	904	1342	619	319	281	793	1401	1190	446	905	801	411	1092
0	61	0	6	31	1	0	0	0	0	0	7	0	0	0	0	5	6	1	0	0	0	0	0	0	0	0	0	0	0	0	0	0	0	0	0	0	0	0	0	0	0	0	214	226	279	396	219	251	245	404	515	154	142	187	195	343	350	129	325	212	178	288
0	0	0	0	1	3	0	2	2	1	0	8	0	0	40	0	1	14	2	0	0	0	0	0	0	0	0	0	0	0	0	0	0	0	0	0	0	0	0	0	0	0	0	323	392	417	527	314	353	877	756	583	312	140	137	312	548	502	163	427	355	150	461
0	51	0	19	28	0	0	0	3	0	0	4	0	0	77	0	0	0	0	0	0	0	0	0	0	0	0	0	0	0	0	0	0	0	0	0	0	0	0	0	0	0	0	26	66	27	32	25	29	82	217	81	37	69	27	8	35	70	30	65	36	37	33
0	83	0	13	2	11	0	2	1	0	0	32	0	0	24	0	1	3	5	0	0	0	0	0	0	0	0	0	0	0	0	0	0	0	0	0	0	0	0	0	0	0	0	340	318	352	458	360	319	402	412	547	190	207	128	276	490	405	177	478	318	229	290
0	60	0	11	26	8	0	15	1	2	0	35	0	1	35	0	7	31	5	0	0	0	0	0	0	0	0	0	0	0	0	0	0	0	0	0	0	0	0	0	0	0	0	190	191	193	312	216	170	215	185	372	146	131	78	168	236	204	100	192	174	129	251
0	0	0	0	0	25	0	19	0	1	0	22	0	6	15	0	15	27	10	0	0	0	0	0	0	0	0	0	0	0	0	0	0	0	0	0	0	0	0	0	0	0	0	63	76	72	94	66	61	99	136	102	95	50	25	62	95	98	44	74	75	36	75
0	0	0	0	1	10	0	31	3	2	0	44	0	2	65	0	8	50	16	0	0	0	0	0	0	0	0	0	0	0	0	0	0	0	0	0	0	0	0	0	0	0	0	85	85	99	138	105	98	224	289	144	122	31	73	82	165	191	62	117	103	62	105
1	87	0	3	6	20	0	36	1	3	0	27	0	2	31	0	5	36	8	0	0	0	0	0	0	0	0	0	0	0	0	0	0	0	0	0	0	0	0	0	0	0	0	118	172	122	244	112	147	237	202	278	116	121	116	104	157	169	55	165	137	130	152
3	11	0	12	72	6	0	49	0	0	0	31	0	0	19	0	0	15	5	0	0	0	0	0	0	0	0	0	0	0	0	0	0	0	0	0	0	0	0	0	0	0	0	259	84	157	82	238	61	73	109	145	143	56	108	102	148	62	127	124	73	38	144
0	9	0	53	37	5	0	53	25	17	0	44	0	2	503	0	3	61	14	0	0	0	0	0	0	0	0	0	0	0	0	0	0	0	0	0	0	0	0	0	0	0	0	19	18	27	42	21	17	216	240	108	75	81	105	19	31	66	47	104	33	20	39
0	0	0	0	3	0	0	0	0	0	0	0	0	0	0	0	0	0	0	0	0	0	0	0	0	0	0	0	0	0	0	0	0	0	0	0	0	0	0	0	0	0	0	61	118	83	163	86	82	446	533	244	153	71	77	86	121	272	148	196	131	64	148
4	51	0	2	41	4	0	5	0	0	0	7	0	0	5	0	3	8	2	0	0	0	0	0	0	0	0	0	0	0	0	0	0	0	0	0	0	0	0	0	0	0	0	145	166	198	346	154	159	502	360	494	209	112	162	149	213	281	78	267	150	96	239
0	81	0	7	11	47	0	66	2	13	0	103	0	7	52	0	12	113	14	2	4	6	5	7	11	5	9	7	2	7	3	2	4	6	5	7	11	5	9	7	2	7	3	36	62	46	86	56	59	163	107	140	55	53	53	45	64	80	33	80	65	59	47
1	20	25	1	50	11	0	4	1	1	0	9	0	1	20	0	2	5	3	0	0	0	0	1	0	0	0	1	1	1	0	0	0	0	0	1	0	0	0	1	1	1	0	330	498	394	362	407	262	863	982	530	446	317	153	289	473	615	320	641	550	291	292
0	28	2	11	57	13	0	3	1	0	0	11	0	1	21	0	1	13	2	0	0	0	0	0	0	0	0	0	0	0	0	0	0	0	0	0	0	0	0	0	0	0	0	852	815	899	1051	890	654	1168	1695	1575	726	447	403	618	1025	1188	520	1105	779	512	766
0	0	0	0	87	19	0	100	2	20	0	126	0	5	52	0	51	84	17	0	0	0	0	0	0	0	0	0	0	0	0	0	0	0	0	0	0	0	0	0	0	0	0	66	60	80	151	62	85	191	223	160	46	27	31	69	120	102	31	71	55	35	111
0	0	0	0	42	7	0	15	1	1	0	14	0	0	21	0	0	24	3	0	0	0	0	0	0	0	0	0	0	0	0	0	0	0	0	0	0	0	0	0	0	0	0	153	141	204	252	128	149	249	302	372	127	59	128	107	192	320	83	252	160	87	211
0	52	0	0	46	25	0	16	4	3	0	34	1	2	92	0	13	43	9	2	4	6	5	5	3	2	7	10	8	9	12	2	4	6	5	5	3	2	7	10	8	9	12	113	101	108	213	113	125	205	260	281	63	71	30	79	157	141	61	116	122	96	109
6	21	0	18	53	12	0	25	15	5	0	46	2	6	316	0	5	30	15	0	2	1	4	2	3	0	4	2	2	2	3	0	2	1	4	2	3	0	4	2	2	2	3	100	125	110	195	133	121	310	266	229	161	115	185	110	159	131	69	171	116	106	167
2	20	1	2	71	0	0	1	0	0	0	0	0	0	11	0	0	0	0	0	0	0	0	0	0	0	0	0	0	0	0	0	0	0	0	0	0	0	0	0	0	0	0	22107	2104	15028	1720	19856	3838	2310	1914	1491	3374	341	703	5374	9787	3526	3562	3924	3668	672	4461
0	83	0	0	16	16	0	62	53	42	0	98	3	7	1074	0	37	134	21	0	0	0	0	0	0	0	0	0	0	0	0	0	0	0	0	0	0	0	0	0	0	0	0	19	15	13	42	15	18	31	77	52	18	39	32	18	23	38	12	35	20	16	22
2	38	0	1	53	3	7	2	0	0	0	4	0	0	0	0	0	2	0	0	0	0	0	0	0	0	0	0	0	0	0	0	0	0	0	0	0	0	0	0	0	0	0	776	953	741	942	715	579	1009	987	1283	829	588	326	548	866	1062	522	880	841	609	610
0	0	0	0	58	1	0	4	8	0	0	9	0	0	161	0	4	1	2	0	0	0	0	0	0	0	0	0	0	0	0	0	0	0	0	0	0	0	0	0	0	0	0	119	117	158	228	123	141	148	138	277	58	64	52	91	179	143	37	148	125	85	188
2	7	0	2	85	27	0	25	18	7	0	46	0	5	379	0	35	41	6	0	0	0	1	1	0	0	0	0	1	0	0	0	0	0	1	1	0	0	0	0	1	0	0	103	49	68	40	98	36	84	75	42	68	11	27	47	57	51	33	45	70	20	39
0	0	0	0	12	19	0	71	25	7	0	49	1	5	508	0	13	85	15	0	0	0	0	0	0	0	0	0	0	0	0	0	0	0	0	0	0	0	0	0	0	0	0	99	132	114	181	106	99	121	149	245	92	72	60	102	135	172	78	127	123	87	143
3	56	2	10	27	0	0	0	0	0	0	0	0	0	0	0	0	1	0	0	0	0	0	0	1	1	0	1	0	0	0	0	0	0	0	0	1	1	0	1	0	0	0	213	404	311	533	209	236	567	615	595	355	309	351	218	414	368	203	340	359	233	271
0	65	0	15	19	15	0	24	4	2	0	20	1	2	93	0	3	28	10	0	0	0	0	0	0	0	0	0	0	0	0	0	0	0	0	0	0	0	0	0	0	0	0	140	217	167	388	155	164	464	619	544	168	177	149	134	231	410	139	367	227	171	187
11	35	0	0	52	17	0	19	0	9	0	54	0	4	6	0	11	59	9	0	0	0	0	0	0	0	0	0	0	0	0	0	0	0	0	0	0	0	0	0	0	0	0	156	171	190	258	158	171	289	156	370	82	138	63	150	221	196	83	275	194	134	208
0	62	0	4	32	4	0	30	0	3	0	19	0	1	0	0	9	39	1	0	0	0	0	0	0	0	0	0	0	0	0	0	0	0	0	0	0	0	0	0	0	0	0	210	337	263	466	195	284	539	633	647	180	205	184	172	346	331	161	468	310	212	277
6	86	0	3	3	12	0	15	1	5	0	32	0	1	26	0	10	39	6	0	0	0	0	0	0	0	0	0	0	0	0	0	0	0	0	0	0	0	0	0	0	0	0	210	238	251	451	266	317	412	271	519	120	143	103	161	276	288	77	313	262	146	256
58	28	0	0	12	2	0	16	0	0	0	9	0	0	0	0	1	19	5	0	0	0	0	0	0	0	0	0	0	0	0	0	0	0	0	0	0	0	0	0	0	0	0	98	69	100	99	79	38	205	262	180	93	102	88	71	111	245	128	278	72	158	83
9	17	2	9	61	1	0	0	0	0	0	1	0	0	6	0	0	2	0	0	0	0	0	0	0	0	0	0	0	0	1	0	0	0	0	0	0	0	0	0	0	0	1	6973	1657	5130	2479	6381	2095	2371	1788	3154	1905	866	1468	2564	4118	2140	1631	3357	2164	881	3394
25	41	0	0	33	173	0	22	23	26	103	91	0	11	469	259	14	30	13	0	0	0	0	0	1	0	0	0	0	0	0	0	0	0	0	0	1	0	0	0	0	0	0	31	89	46	96	40	53	133	195	138	67	65	67	56	68	48	35	54	83	61	46
0	0	0	0	31	20	0	8	0	2	0	25	1	0	18	0	4	18	2	0	0	0	0	0	0	0	0	0	0	0	0	0	0	0	0	0	0	0	0	0	0	0	0	80	133	105	175	88	104	224	285	209	88	94	34	76	113	125	61	96	114	62	63
0	0	0	0	1	7	0	142	3	6	0	94	3	24	76	0	40	226	26	0	1	0	1	0	0	1	1	2	0	1	0	0	1	0	1	0	0	1	1	2	0	1	0	36	46	34	56	33	30	60	153	101	65	14	43	26	35	82	44	58	40	38	47
0	77	0	3	17	88	0	147	13	21	0	137	1	16	260	0	20	139	24	0	0	0	0	0	0	0	0	0	0	0	0	0	0	0	0	0	0	0	0	0	0	0	0	132	143	142	179	117	142	307	179	336	94	97	65	118	172	238	58	203	150	98	136
0	0	0	0	0	33	0	97	59	31	0	146	2	13	1194	0	56	124	40	0	0	0	0	0	0	0	0	0	0	0	0	0	0	0	0	0	0	0	0	0	0	0	0	31	46	31	71	33	37	127	175	88	38	41	26	29	69	48	24	82	46	27	47
0	0	0	0	8	6	0	19	1	0	0	18	0	4	32	0	3	5	6	0	0	0	0	0	0	0	0	0	0	0	0	0	0	0	0	0	0	0	0	0	0	0	0	42	94	55	116	43	50	203	299	212	78	63	74	53	79	145	53	121	71	53	69
3	45	0	0	50	10	23	56	1	5	0	47	0	0	28	0	7	60	4	1	3	4	6	8	8	7	11	6	4	8	5	1	3	4	6	8	8	7	11	6	4	8	5	239	235	265	354	284	230	351	370	388	199	154	175	175	310	282	134	287	188	173	232
6	63	0	5	24	3	0	8	5	1	0	9	0	0	104	0	5	9	1	1	4	2	6	4	2	4	5	2	6	7	1	1	4	2	6	4	2	4	5	2	6	7	1	555	1148	741	1266	590	847	1243	1074	1875	465	813	428	599	970	1403	456	1144	972	708	628
0	52	0	0	47	0	0	15	6	0	0	18	1	1	130	0	7	15	11	0	0	0	0	1	0	0	0	0	0	1	1	0	0	0	0	1	0	0	0	0	0	1	1	26	54	28	55	32	30	107	106	85	37	41	44	27	46	34	21	48	32	32	22
0	70	0	4	24	61	0	34	0	9	0	56	1	1	19	0	11	67	12	0	0	0	0	0	0	0	0	0	0	0	0	0	0	0	0	0	0	0	0	0	0	0	0	140	140	197	288	163	150	299	366	407	96	89	80	136	250	236	79	234	162	105	210
0	42	0	13	42	0	0	18	0	2	0	6	0	0	5	0	1	16	1	0	2	0	1	0	1	0	2	1	3	2	1	0	2	0	1	0	1	0	2	1	3	2	1	473	276	394	308	463	199	565	864	554	384	270	144	230	369	536	251	466	355	217	204
0	68	0	3	28	9	0	5	0	1	0	9	0	0	9	0	0	19	3	0	0	0	0	0	1	0	2	0	0	0	1	0	0	0	0	0	1	0	2	0	0	0	1	253	163	256	479	240	206	623	542	500	166	84	137	217	367	286	147	270	189	148	335
3	60	0	10	25	4	0	17	1	4	0	41	0	0	31	0	7	32	8	0	1	1	0	0	0	0	1	0	1	0	0	0	1	1	0	0	0	0	1	0	1	0	0	113	144	123	221	131	108	276	246	220	136	140	33	156	172	166	60	152	151	80	119
0	0	0	0	3	0	0	1	0	1	0	4	0	0	2	0	0	2	0	0	0	0	0	0	0	0	0	0	0	1	0	0	0	0	0	0	0	0	0	0	0	1	0	231	326	313	479	234	208	985	1067	935	435	244	275	227	395	713	262	673	346	178	370
0	71	0	0	28	4	0	3	4	0	0	9	1	1	91	0	0	2	6	2	3	1	1	1	2	2	1	1	2	2	1	2	3	1	1	1	2	2	1	1	2	2	1	61	71	62	134	59	47	337	311	179	95	68	73	48	73	130	45	148	73	73	91
1	50	0	1	44	2	0	11	0	1	0	14	0	0	0	0	1	8	1	0	0	0	0	0	0	0	0	0	0	0	0	0	0	0	0	0	0	0	0	0	0	0	0	133	210	154	312	136	159	454	286	451	219	181	95	132	214	346	103	284	217	137	157
0	76	0	0	23	35	74	108	11	19	0	128	0	7	238	0	117	190	14	0	4	3	2	3	4	1	3	3	2	1	5	0	4	3	2	3	4	1	3	3	2	1	5	13	27	25	31	16	23	49	81	34	20	29	7	26	32	64	20	50	28	44	15
15	57	0	17	10	3	0	14	4	3	0	16	0	1	96	0	2	23	2	0	0	0	0	0	0	0	0	1	0	0	0	0	0	0	0	0	0	0	0	1	0	0	0	41	170	82	215	75	111	371	382	270	115	189	68	89	118	201	73	170	134	134	83
0	0	0	0	29	5	0	81	0	9	0	32	1	2	11	0	0	42	4	0	0	0	0	0	0	0	0	0	0	0	0	0	0	0	0	0	0	0	0	0	0	0	0	22	89	44	134	32	54	289	334	204	88	65	99	28	86	105	43	107	65	62	95
0	44	3	1	49	3	0	36	0	4	0	37	1	2	0	0	4	75	5	0	0	0	0	0	0	1	1	1	0	0	0	0	0	0	0	0	0	1	1	1	0	0	0	200	291	237	393	152	197	485	359	547	154	251	115	196	333	279	117	346	270	192	225
0	8	0	1	87	6	0	2	0	0	0	5	0	0	15	0	2	4	0	0	0	0	0	0	0	0	0	0	0	0	0	0	0	0	0	0	0	0	0	0	0	0	0	3929	490	3066	480	3626	876	848	538	523	419	117	168	1019	2100	664	605	855	694	190	775
17	1	0	25	56	13	0	31	1	4	0	45	0	3	23	0	11	41	4	0	0	0	0	2	1	2	1	2	1	0	0	0	0	0	0	2	1	2	1	2	1	0	0	386	28	211	24	291	57	106	176	65	54	10	28	67	117	33	43	54	56	9	50
0	0	0	0	22	23	0	18	3	6	0	44	0	1	66	0	3	62	11	0	0	0	0	0	0	0	0	0	0	0	0	0	0	0	0	0	0	0	0	0	0	0	0	70	81	88	240	87	122	445	384	353	122	96	158	47	136	183	56	236	95	75	147
28	36	0	23	10	9	0	14	6	1	0	30	5	47	132	0	3	18	24	0	1	0	1	0	0	1	0	0	0	1	0	0	1	0	1	0	0	1	0	0	0	1	0	57	46	51	74	49	38	184	198	103	70	55	53	39	89	51	41	91	42	29	50
0	65	0	0	34	21	17	27	0	0	0	20	0	2	0	0	2	31	4	1	0	0	1	2	1	0	1	0	0	0	1	1	0	0	1	2	1	0	1	0	0	0	1	121	126	181	241	136	139	246	298	304	106	68	85	127	214	203	63	209	116	107	150
0	63	0	3	33	10	0	5	0	1	0	12	0	1	7	0	1	12	7	0	2	3	3	3	3	0	1	1	2	0	2	0	2	3	3	3	3	0	1	1	2	0	2	113	131	119	165	133	90	222	262	238	182	76	152	101	139	198	56	154	142	72	153
0	0	0	0	19	1	0	5	1	0	0	5	0	0	20	0	0	7	2	0	0	0	0	0	0	0	0	0	0	0	0	0	0	0	0	0	0	0	0	0	0	0	0	276	224	336	270	277	221	483	695	483	306	157	147	171	299	446	177	325	219	211	290
0	91	1	0	6	8	0	6	2	1	0	34	0	1	46	0	8	22	13	1	0	1	2	1	1	3	1	2	0	2	1	1	0	1	2	1	1	3	1	2	0	2	1	69	82	77	149	92	81	211	195	172	43	70	44	86	97	107	47	190	70	81	76
0	53	0	5	40	3	0	19	0	4	0	23	0	1	6	0	5	24	6	0	0	0	0	0	0	0	0	0	0	0	0	0	0	0	0	0	0	0	0	0	0	0	0	116	167	160	192	130	145	245	332	265	180	154	109	129	202	229	82	170	149	91	130
1	72	0	7	17	37	0	70	6	4	0	69	1	9	123	0	25	84	9	1	0	3	4	3	2	0	2	2	2	0	3	1	0	3	4	3	2	0	2	2	2	0	3	76	197	110	272	76	111	416	479	431	141	208	175	113	170	295	110	218	173	186	154
0	0	0	0	3	5	0	38	0	2	0	33	1	4	12	0	8	18	12	0	0	1	3	0	4	0	1	0	1	1	1	0	0	1	3	0	4	0	1	0	1	1	1	50	45	64	92	53	39	215	219	157	79	39	27	53	91	125	41	128	63	42	88
2	22	1	2	70	0	0	1	0	0	0	1	0	0	0	0	0	1	0	0	0	0	0	0	0	0	0	0	0	0	0	0	0	0	0	0	0	0	0	0	0	0	0	10973	1233	6804	1247	9713	1845	1845	1614	1153	2116	311	416	2736	4692	1753	2074	2017	1955	434	2603
4	20	0	5	67	0	0	0	2	0	0	0	0	0	49	0	0	0	0	0	0	0	0	0	0	0	0	0	0	0	0	0	0	0	0	0	0	0	0	0	0	0	0	935	915	883	1492	1008	861	2161	1686	2163	831	885	1116	857	1119	1291	840	1713	946	843	1027
0	59	0	16	24	0	0	0	0	0	0	0	0	0	0	0	0	0	0	3	9	9	12	13	15	14	16	11	10	14	14	3	9	9	12	13	15	14	16	11	10	14	14	109	200	153	316	109	166	478	431	499	138	241	170	136	232	375	131	292	235	178	145
5	59	0	23	11	8	6	12	0	1	0	12	0	1	15	0	1	9	1	2	6	12	3	6	10	11	5	14	7	6	5	2	6	12	3	6	10	11	5	14	7	6	5	170	198	172	304	138	133	808	801	414	387	255	253	117	232	209	162	287	238	163	164
0	63	0	0	36	0	0	5	0	0	0	4	0	1	0	0	0	6	5	2	4	4	6	4	4	8	1	9	2	7	1	2	4	4	6	4	4	8	1	9	2	7	1	51	98	80	183	55	73	255	231	161	63	60	24	68	106	84	25	111	90	62	89
0	48	0	7	43	12	0	10	0	1	0	16	0	0	14	0	3	11	5	1	0	5	3	2	4	4	1	5	2	3	3	1	0	5	3	2	4	4	1	5	2	3	3	399	666	497	847	442	423	801	768	1020	286	401	201	362	711	732	250	594	649	387	445
0	41	0	9	49	0	0	0	5	0	0	3	0	0	110	0	0	0	6	0	0	0	0	0	0	0	0	0	0	0	0	0	0	0	0	0	0	0	0	0	0	0	0	40	55	36	59	45	51	217	214	142	80	94	128	23	43	97	32	88	65	48	49
0	41	54	0	3	23	0	19	0	5	0	36	0	1	15	0	1	27	11	0	0	0	0	0	0	0	0	0	0	0	0	0	0	0	0	0	0	0	0	0	0	0	0	98	125	105	78	109	61	296	333	131	156	130	59	99	124	194	95	189	130	107	89
0	58	0	11	29	3	0	2	0	0	0	5	0	0	0	0	0	5	1	0	0	0	0	0	0	0	0	0	0	0	0	0	0	0	0	0	0	0	0	0	0	0	0	267	434	316	522	270	294	521	494	574	300	224	108	248	464	529	153	396	393	278	316
0	0	0	0	12	17	0	84	8	17	0	59	1	5	170	0	28	116	13	0	0	0	0	0	0	0	0	0	0	0	0	0	0	0	0	0	0	0	0	0	0	0	0	57	72	62	107	52	58	147	233	174	65	69	45	81	82	115	73	138	81	55	75
0	82	0	2	14	10	0	28	0	3	0	27	0	2	9	0	6	44	7	0	0	0	0	0	0	0	0	0	0	0	0	0	0	0	0	0	0	0	0	0	0	0	0	49	91	81	269	81	108	200	190	280	56	88	50	81	143	122	58	139	97	73	147
0	85	0	0	14	1	0	0	0	0	0	2	0	0	7	0	0	0	1	0	0	0	0	0	0	0	0	0	0	0	0	0	0	0	0	0	0	0	0	0	0	0	0	118	104	118	276	131	129	291	201	306	99	57	97	83	195	125	45	173	139	77	137
3	5	0	0	87	1	0	3	0	1	0	4	0	0	0	0	0	5	0	0	0	0	0	0	0	0	0	0	0	0	0	0	0	0	0	0	0	0	0	0	0	0	0	4465	719	2870	319	4128	895	1001	653	308	727	80	64	1104	1997	747	691	1005	990	257	730
3	53	0	5	37	2	0	3	0	1	0	4	0	1	3	0	1	6	1	0	3	4	5	6	2	5	5	4	6	2	2	0	3	4	5	6	2	5	5	4	6	2	2	317	641	441	816	356	418	775	949	990	264	449	269	348	639	668	229	615	571	408	396
0	57	11	2	27	1	0	6	0	0	0	5	0	2	2	0	0	10	0	0	0	0	0	0	0	0	0	0	0	0	0	0	0	0	0	0	0	0	0	0	0	0	0	674	368	620	607	661	435	675	569	782	285	234	179	317	593	444	228	541	388	195	485
2	59	4	17	15	0	0	0	0	0	0	0	0	0	0	0	0	0	0	0	0	0	0	0	0	0	0	0	0	0	0	0	0	0	0	0	0	0	0	0	0	0	0	441	405	564	770	469	468	598	749	685	316	144	245	389	709	565	257	477	396	221	620
0	42	0	33	24	17	0	10	3	0	0	20	3	14	62	0	2	10	12	0	0	0	0	0	0	0	0	0	0	0	0	0	0	0	0	0	0	0	0	0	0	0	0	130	175	133	201	93	111	406	554	380	194	131	110	72	118	260	114	216	161	121	146
0	47	0	27	24	24	0	1	3	0	0	8	0	0	64	0	0	4	4	0	0	0	0	0	0	0	0	0	0	0	0	0	0	0	0	0	0	0	0	0	0	0	0	26	93	37	53	28	27	228	277	64	73	81	13	28	31	87	23	38	112	34	11
0	0	0	0	10	0	0	4	0	0	0	10	0	1	10	0	2	9	4	0	1	0	0	0	0	0	0	0	0	0	0	0	1	0	0	0	0	0	0	0	0	0	0	82	76	106	87	79	88	126	290	114	81	38	37	85	129	99	68	126	101	66	88
4	77	0	0	17	7	0	0	0	0	0	1	0	0	0	0	0	1	3	0	0	1	0	1	2	0	2	1	0	0	2	0	0	1	0	1	2	0	2	1	0	0	2	93	143	101	161	83	93	251	262	180	85	71	58	100	132	178	52	155	125	118	70
0	33	0	8	56	1	0	3	0	1	0	6	0	0	6	0	1	5	1	0	0	0	0	0	0	0	0	0	0	0	0	0	0	0	0	0	0	0	0	0	0	0	0	455	891	633	1261	491	597	1635	1378	1784	598	712	550	572	918	1225	452	1004	852	630	632
0	66	0	0	33	19	0	135	2	22	0	133	1	18	55	0	13	179	25	0	0	0	0	0	0	0	0	0	0	0	0	0	0	0	0	0	0	0	0	0	0	0	0	27	34	30	75	21	39	88	73	79	17	39	24	28	42	29	13	34	39	27	34
0	60	0	0	39	18	0	40	6	6	0	50	0	7	125	0	10	51	11	0	0	0	0	0	0	0	0	0	0	0	0	0	0	0	0	0	0	0	0	0	0	0	0	19	82	35	81	29	50	218	210	128	58	103	54	37	67	92	52	78	65	45	54
3	36	0	11	47	0	0	0	0	0	0	0	0	0	0	0	0	0	0	0	0	0	0	0	0	0	0	0	0	0	0	0	0	0	0	0	0	0	0	0	0	0	0	201	250	179	338	188	189	578	497	447	224	198	161	179	288	358	142	276	245	175	238
0	35	0	3	60	1	2	6	0	1	0	9	0	0	3	0	0	15	1	0	0	1	1	2	4	1	1	2	2	1	1	0	0	1	1	2	4	1	1	2	2	1	1	5679	666	2736	462	5090	745	1078	679	471	1751	122	210	1306	1840	857	1281	896	1082	177	1088
0	0	0	0	12	14	0	15	4	3	0	34	0	0	84	0	41	43	13	0	0	0	1	0	0	0	0	1	0	0	0	0	0	0	1	0	0	0	0	1	0	0	0	65	62	64	160	77	82	142	219	154	60	34	48	75	99	119	45	102	67	40	141
0	80	0	0	19	73	65	125	2	29	0	167	3	8	52	0	13	196	18	0	0	0	0	0	0	0	0	0	0	0	0	0	0	0	0	0	0	0	0	0	0	0	0	33	100	47	106	37	50	148	203	135	28	92	29	51	78	87	24	81	84	65	31
0	75	0	0	23	0	0	1	0	0	0	1	0	0	3	0	0	0	0	0	0	0	0	0	0	0	0	0	0	0	0	0	0	0	0	0	0	0	0	0	0	0	0	207	296	247	526	258	270	585	584	630	324	193	241	232	327	367	168	354	276	185	326
0	0	0	0	2	114	0	152	9	32	0	314	3	32	181	0	41	270	61	0	0	0	0	0	0	0	0	0	0	1	0	0	0	0	0	0	0	0	0	0	0	1	0	18	34	30	32	27	19	102	133	47	17	25	11	24	47	39	6	23	23	26	21
0	73	0	6	20	16	0	9	2	1	0	18	0	1	47	0	4	23	4	0	0	0	0	0	0	0	0	1	0	0	0	0	0	0	0	0	0	0	0	1	0	0	0	77	96	101	216	82	89	768	600	393	242	146	183	111	150	260	132	260	149	101	230
0	81	0	0	18	37	0	5	0	0	0	20	0	1	9	0	7	11	8	2	0	2	3	3	7	4	2	4	2	5	5	2	0	2	3	3	7	4	2	4	2	5	5	88	121	86	157	100	130	275	260	199	81	64	38	95	126	132	46	137	107	83	118
0	28	17	1	52	5	0	12	0	2	0	10	0	0	0	0	1	8	5	0	0	0	0	0	0	0	0	0	0	0	0	0	0	0	0	0	0	0	0	0	0	0	0	223	290	287	377	227	185	311	501	498	187	192	123	190	345	284	135	313	306	184	255
0	30	0	5	64	3	0	22	0	4	0	14	0	2	16	0	5	26	2	1	0	1	0	0	1	0	0	0	1	1	0	1	0	1	0	0	1	0	0	0	1	1	0	391	212	355	341	415	182	591	438	472	200	143	176	224	360	228	155	304	227	119	299
0	96	0	0	3	48	28	61	2	1	0	36	1	1	45	0	4	48	4	2	1	8	8	4	3	3	4	5	6	5	0	2	1	8	8	4	3	3	4	5	6	5	0	58	61	75	177	68	87	181	206	225	62	78	51	72	134	120	39	104	73	61	118
11	42	0	2	43	36	9	7	0	0	0	16	0	0	15	0	1	10	1	0	0	1	0	1	1	1	0	0	2	1	0	0	0	1	0	1	1	1	0	0	2	1	0	185	217	235	229	179	148	416	503	372	292	199	186	135	263	260	149	415	249	123	172
0	0	0	0	23	11	0	17	3	5	0	13	0	5	75	0	6	25	2	0	0	0	0	0	0	0	0	0	0	1	0	0	0	0	0	0	0	0	0	0	0	1	0	68	95	72	148	79	87	165	160	213	70	63	75	66	114	73	31	84	85	64	101
4	61	0	3	30	0	0	0	0	0	0	0	0	0	0	0	0	0	0	0	1	0	0	0	0	0	1	0	0	1	0	0	1	0	0	0	0	0	1	0	0	1	0	86	184	103	239	97	136	291	487	506	144	384	149	126	150	309	130	282	173	220	106
0	0	0	0	19	13	14	13	0	0	0	24	1	1	17	0	3	82	8	1	0	0	0	1	0	0	1	0	0	0	0	1	0	0	0	1	0	0	1	0	0	0	0	72	130	95	237	82	91	415	593	314	159	195	87	87	185	294	92	189	139	89	139
0	0	0	0	14	5	26	33	2	4	0	16	0	0	42	0	5	21	6	0	0	0	0	0	0	0	1	0	0	0	0	0	0	0	0	0	0	0	1	0	0	0	0	83	93	98	148	104	81	242	292	126	101	82	52	94	142	158	41	92	91	79	123
0	68	0	10	19	9	0	2	1	1	0	6	0	0	23	0	5	4	5	0	0	0	0	0	0	0	0	0	0	0	0	0	0	0	0	0	0	0	0	0	0	0	0	104	193	109	270	112	113	399	472	410	131	169	102	112	177	271	102	239	214	145	157
0	35	0	1	60	3	0	2	0	0	0	7	0	0	11	0	1	10	1	0	0	0	0	0	0	0	0	0	0	0	0	0	0	0	0	0	0	0	0	0	0	0	0	432	583	527	782	382	483	786	873	1133	427	453	358	411	765	753	239	622	573	440	487
0	56	6	2	34	0	0	1	0	0	0	1	0	0	3	0	0	1	1	0	0	0	0	0	0	2	0	0	0	1	0	0	0	0	0	0	0	2	0	0	0	1	0	208	264	236	357	238	193	374	586	491	203	224	125	187	289	246	135	252	261	177	231
0	67	2	0	30	2	0	8	1	1	0	9	0	8	37	0	0	5	1	0	0	0	0	0	0	0	0	0	2	0	0	0	0	0	0	0	0	0	0	0	2	0	0	103	178	136	267	96	161	279	343	349	100	113	116	97	201	150	72	172	165	107	122
1	82	1	0	14	4	17	12	1	1	0	17	0	1	35	0	5	13	7	1	2	2	0	3	1	2	1	1	0	2	1	1	2	2	0	3	1	2	1	1	0	2	1	182	267	213	541	240	248	367	438	743	230	175	188	188	342	378	149	418	267	197	336
0	0	0	0	1	14	0	77	0	3	0	54	0	0	0	0	16	26	5	0	0	0	0	0	0	0	1	0	0	0	0	0	0	0	0	0	0	0	1	0	0	0	0	51	59	47	93	36	44	121	181	119	36	38	26	45	63	72	36	73	64	35	59
0	12	0	5	82	0	0	0	0	0	0	0	0	0	0	0	3	0	3	0	1	0	0	0	0	0	0	3	1	1	0	0	1	0	0	0	0	0	0	3	1	1	0	51	56	63	44	46	26	164	202	59	65	55	10	41	56	55	19	70	44	38	33
3	44	0	1	49	1	0	1	0	0	0	2	0	0	7	0	0	2	0	3	8	9	8	2	8	11	7	16	12	11	15	3	8	9	8	2	8	11	7	16	12	11	15	1693	1455	1781	2614	1674	1504	2352	1526	2728	1068	899	590	1389	2181	2066	875	1932	1565	969	1748
0	23	2	5	67	53	0	45	0	3	0	43	4	3	19	0	7	241	14	0	0	0	0	0	0	0	0	0	0	0	0	0	0	0	0	0	0	0	0	0	0	0	0	253	243	265	362	270	194	412	435	483	211	180	222	203	307	261	163	301	263	201	287
0	47	0	8	44	6	0	4	1	1	0	14	0	0	26	0	3	69	5	1	1	4	4	9	8	7	8	8	11	4	7	1	1	4	4	9	8	7	8	8	11	4	7	519	210	343	292	517	214	383	566	497	258	223	105	207	368	273	199	303	272	159	216
0	63	3	0	32	0	0	4	0	2	0	6	0	0	15	0	6	8	2	0	0	0	0	0	0	0	1	0	0	0	0	0	0	0	0	0	0	0	1	0	0	0	0	114	195	186	349	167	146	323	362	439	110	154	185	127	237	285	88	276	180	157	251
0	0	0	0	23	3	0	13	0	0	0	9	0	0	15	0	4	15	5	0	1	0	2	1	0	1	1	1	2	1	0	0	1	0	2	1	0	1	1	1	2	1	0	215	230	283	433	217	192	637	778	640	295	183	288	230	342	366	200	492	263	234	326
0	76	4	1	16	20	0	40	3	9	0	46	0	13	60	0	20	46	8	1	2	1	0	4	0	5	1	1	1	1	1	1	2	1	0	4	0	5	1	1	1	1	1	75	94	100	141	97	62	363	359	265	141	108	178	67	127	148	100	146	116	97	113
0	64	0	1	33	1	0	0	0	0	0	0	0	0	0	0	0	0	0	2	5	3	3	1	2	4	4	1	2	2	3	2	5	3	3	1	2	4	4	1	2	2	3	145	152	136	234	145	155	404	465	358	159	128	75	118	166	348	160	282	176	118	176
2	44	0	0	51	4	0	0	0	0	0	2	0	0	3	0	1	0	1	0	0	0	0	0	0	0	0	0	0	0	0	0	0	0	0	0	0	0	0	0	0	0	0	355	399	476	599	416	425	668	392	553	202	226	166	339	599	418	197	443	369	258	402
4	45	0	37	12	20	80	51	0	0	0	25	0	0	0	0	1	28	2	0	0	0	1	0	0	2	2	0	1	1	0	0	0	0	1	0	0	2	2	0	1	1	0	112	168	102	182	85	103	214	272	234	147	95	54	92	138	201	85	181	112	105	112
0	0	0	0	29	31	0	10	1	4	0	16	0	2	27	0	4	4	7	0	0	0	0	0	1	0	0	2	0	0	0	0	0	0	0	0	1	0	0	2	0	0	0	48	80	52	79	40	60	125	250	96	87	47	31	40	95	87	51	51	82	55	37
5	23	0	4	65	0	0	0	0	0	0	0	0	0	1	0	0	0	0	4	16	22	21	19	11	14	20	18	19	20	21	4	16	22	21	19	11	14	20	18	19	20	21	1592	690	1262	881	1467	601	1029	1144	1174	807	387	462	695	1111	870	585	864	776	427	835
1	60	1	7	30	3	0	14	0	1	0	21	0	0	5	0	1	14	1	0	0	0	0	0	0	0	0	0	0	0	0	0	0	0	0	0	0	0	0	0	0	0	0	133	262	142	320	114	170	408	376	462	120	176	87	136	209	294	72	247	224	169	167
0	72	6	5	15	20	73	10	0	0	0	8	0	0	7	0	0	6	2	0	0	0	0	0	1	0	0	1	0	1	0	0	0	0	0	0	1	0	0	1	0	1	0	48	79	73	182	62	70	330	399	317	187	157	246	53	95	188	67	134	82	59	132
0	42	5	0	52	28	0	17	0	0	0	20	0	4	13	0	2	54	11	0	0	0	0	0	1	1	0	0	0	0	0	0	0	0	0	0	1	1	0	0	0	0	0	42	63	38	113	35	54	106	139	181	35	97	69	33	81	92	29	114	58	58	63
0	30	4	3	61	63	0	146	18	17	0	257	4	15	367	0	35	134	51	0	0	1	1	0	1	0	0	2	1	0	1	0	0	1	1	0	1	0	0	2	1	0	1	89	126	103	235	102	89	220	308	262	160	118	117	104	194	178	62	127	122	101	131
1	80	2	4	10	0	0	0	0	0	0	1	0	0	1	0	0	0	0	0	0	0	0	1	0	0	1	0	0	0	0	0	0	0	0	1	0	0	1	0	0	0	0	495	609	611	600	465	356	1638	1878	1041	932	543	420	419	637	829	484	682	605	381	411
0	0	0	0	6	9	0	17	2	6	0	40	0	0	41	0	3	51	6	0	0	0	0	0	0	0	0	0	0	0	0	0	0	0	0	0	0	0	0	0	0	0	0	45	75	51	61	39	57	159	256	78	98	87	45	57	77	96	55	86	64	44	52
0	74	11	0	13	70	0	62	0	3	0	77	1	7	11	0	11	76	15	3	4	7	9	10	10	13	13	14	10	6	8	3	4	7	9	10	10	13	13	14	10	6	8	54	97	73	125	77	74	162	210	171	72	77	26	72	95	137	64	136	90	47	82
0	34	0	2	61	1	0	1	0	0	0	1	0	0	1	0	0	0	0	0	4	7	1	4	3	2	2	3	6	7	9	0	4	7	1	4	3	2	2	3	6	7	9	13597	1493	8572	1143	12350	2182	1730	1283	1061	2272	291	442	2955	5468	2118	2123	2328	2316	421	2212
2	60	2	0	35	52	46	50	2	1	0	40	0	6	49	0	15	48	5	0	0	0	1	0	0	0	0	0	0	0	0	0	0	0	1	0	0	0	0	0	0	0	0	81	159	147	274	96	128	319	383	337	119	221	170	100	153	144	69	166	122	101	140
0	19	0	13	66	3	0	5	0	1	0	13	0	0	0	0	0	3	5	0	0	0	0	1	0	1	1	0	0	1	0	0	0	0	0	1	0	1	1	0	0	1	0	139	181	161	245	133	166	488	276	329	139	118	76	135	202	218	69	203	152	117	173
0	49	2	7	38	7	2	4	0	1	7	4	0	0	5	19	0	4	1	0	0	0	0	1	0	0	0	0	0	0	0	0	0	0	0	1	0	0	0	0	0	0	0	2432	2168	2341	2799	2256	1657	1917	2037	3889	1786	1362	1166	1703	2691	2963	1255	2155	2118	1285	1895
12	46	0	12	29	5	0	0	1	0	0	4	0	0	26	0	0	12	1	1	0	0	0	0	1	0	0	0	0	0	1	1	0	0	0	0	1	0	0	0	0	0	1	155	227	184	274	134	129	193	316	366	132	213	121	103	233	301	138	235	221	189	180
1	57	0	4	36	56	0	41	8	3	28	47	0	2	164	70	8	21	22	0	1	0	1	1	0	0	3	0	0	1	0	0	1	0	1	1	0	0	3	0	0	1	0	185	152	196	280	175	171	317	316	381	161	132	84	179	179	165	111	224	163	117	211
0	70	0	2	27	2	0	4	0	0	0	4	0	0	3	0	0	18	1	1	0	0	0	0	1	0	0	0	0	1	0	1	0	0	0	0	1	0	0	0	0	1	0	138	256	158	455	132	257	568	444	631	126	263	126	130	276	256	67	357	216	144	239
0	43	11	0	44	25	0	50	1	4	0	44	0	2	26	0	22	53	14	0	0	0	0	0	0	0	0	0	0	0	0	0	0	0	0	0	0	0	0	0	0	0	0	150	136	145	120	125	74	185	336	162	160	77	70	148	180	133	72	154	135	95	114
3	58	4	16	16	4	0	0	0	0	0	2	0	0	0	0	0	26	0	0	0	1	0	2	1	0	0	1	0	0	1	0	0	1	0	2	1	0	0	1	0	0	1	274	235	324	518	256	314	503	575	596	186	143	149	244	473	341	149	374	217	146	472
35	44	0	0	19	106	0	64	0	3	0	72	1	3	0	0	9	473	24	0	0	0	0	0	0	1	0	0	0	1	1	0	0	0	0	0	0	1	0	0	0	1	1	25	38	33	56	23	36	47	126	69	76	35	7	31	40	53	16	48	32	26	47
0	0	0	0	25	0	0	1	0	0	0	0	0	1	0	0	0	0	1	3	6	2	12	4	5	5	6	9	4	10	7	3	6	2	12	4	5	5	6	9	4	10	7	232	261	283	544	271	280	438	579	606	193	171	193	204	411	309	105	387	253	163	354
0	0	0	0	0	6	0	7	1	0	0	14	0	2	28	0	0	13	7	0	0	0	0	0	0	0	1	0	0	0	0	0	0	0	0	0	0	0	1	0	0	0	0	65	95	112	184	77	105	125	273	243	69	67	41	80	137	161	53	170	110	99	108
0	73	0	0	25	0	0	7	0	0	0	1	0	0	0	0	0	1	1	1	0	0	0	1	0	0	0	0	0	0	0	1	0	0	0	1	0	0	0	0	0	0	0	292	340	280	451	287	261	922	710	624	393	207	165	234	352	463	240	445	321	231	308
5	77	0	0	14	19	0	9	1	1	0	18	1	3	20	0	2	200	13	0	0	0	0	0	0	0	0	0	0	0	0	0	0	0	0	0	0	0	0	0	0	0	0	18	51	22	46	22	26	106	158	90	93	66	40	37	41	71	40	62	55	49	36
2	39	0	0	58	15	0	28	0	0	0	20	0	1	0	0	4	62	6	0	1	0	1	1	1	0	0	0	0	0	0	0	1	0	1	1	1	0	0	0	0	0	0	63	102	80	159	50	89	268	262	219	79	117	85	79	116	90	30	97	97	94	117
0	53	1	8	36	0	0	6	0	0	0	2	0	0	6	0	1	2	0	0	0	0	0	0	0	1	0	0	0	0	0	0	0	0	0	0	0	1	0	0	0	0	0	476	573	590	615	473	425	668	922	877	575	257	242	390	720	852	355	544	525	267	493
0	0	0	0	29	120	52	44	1	2	0	64	2	13	28	0	13	38	15	0	0	0	0	0	0	0	0	0	0	0	0	0	0	0	0	0	0	0	0	0	0	0	0	94	111	159	172	109	99	163	361	254	87	76	47	116	171	141	69	148	121	64	112
0	0	0	0	16	43	0	1	0	0	0	15	1	0	17	0	3	174	6	0	1	2	0	0	0	0	0	1	0	0	0	0	1	2	0	0	0	0	0	1	0	0	0	46	28	63	98	39	50	139	163	128	31	17	14	39	56	34	24	48	31	25	76
1	68	0	4	25	3	0	10	0	2	0	7	3	37	15	0	1	5	3	0	0	0	1	0	0	0	0	0	0	0	0	0	0	0	1	0	0	0	0	0	0	0	0	138	83	166	216	139	129	267	256	211	95	81	69	123	205	114	63	153	116	56	204
2	85	0	4	7	66	47	45	0	1	0	47	1	1	19	0	8	25	13	0	0	0	0	0	0	0	0	0	0	0	0	0	0	0	0	0	0	0	0	0	0	0	0	206	242	278	492	208	245	593	422	638	193	179	192	202	371	442	188	501	262	183	295
0	42	0	0	57	14	0	22	1	0	0	40	0	1	35	0	5	44	12	0	0	1	2	0	0	0	0	0	0	0	0	0	0	1	2	0	0	0	0	0	0	0	0	26	36	29	27	20	7	32	72	58	13	18	4	31	32	25	17	44	29	19	33
5	90	0	0	3	15	0	17	3	3	0	27	3	11	78	0	0	23	5	0	0	0	0	1	0	0	0	0	0	0	3	0	0	0	0	1	0	0	0	0	0	0	3	22	21	28	26	18	20	33	38	23	15	23	10	21	31	30	14	31	26	17	23
0	53	0	8	37	13	10	41	1	8	0	29	1	4	37	0	8	31	10	0	1	1	0	0	2	0	0	0	0	0	0	0	1	1	0	0	2	0	0	0	0	0	0	178	173	178	214	196	118	444	482	419	280	184	216	128	215	235	147	231	181	124	231
4	64	0	0	31	0	0	0	0	0	0	3	0	0	10	0	0	0	0	0	1	0	0	0	0	0	0	0	0	1	0	0	1	0	0	0	0	0	0	0	0	1	0	48	90	57	176	60	92	226	189	194	52	66	33	50	102	115	55	120	90	52	76
0	86	0	0	13	3	0	0	0	0	0	1	0	0	0	0	0	12	3	0	0	0	0	0	1	0	0	0	1	1	0	0	0	0	0	0	1	0	0	0	1	1	0	38	58	40	95	34	45	92	111	124	37	21	27	42	67	74	16	56	53	34	56
6	55	0	0	37	74	20	86	16	15	0	80	3	6	339	0	19	78	16	0	0	0	1	0	0	0	0	1	0	0	0	0	0	0	1	0	0	0	0	1	0	0	0	89	97	104	241	111	114	347	276	259	106	85	57	133	165	197	76	183	103	81	168
0	43	10	15	30	8	27	8	2	1	0	9	0	1	57	0	0	15	3	0	0	0	0	0	0	0	0	0	0	0	0	0	0	0	0	0	0	0	0	0	0	0	0	225	250	293	373	264	235	677	696	499	270	177	203	197	398	435	193	489	262	235	274
0	57	0	0	42	27	0	56	23	5	0	42	0	1	463	0	7	124	10	1	1	1	2	0	2	1	1	4	0	1	0	1	1	1	2	0	2	1	1	4	0	1	0	29	39	26	63	28	36	87	71	70	9	30	18	25	36	36	9	30	53	26	23
26	63	0	2	7	29	31	3	2	0	0	6	0	1	50	0	7	10	5	0	0	0	0	0	1	0	0	1	0	0	0	0	0	0	0	0	1	0	0	1	0	0	0	73	49	96	112	72	62	361	217	162	109	63	86	68	93	121	58	153	57	81	103
33	17	0	20	28	8	0	4	2	1	0	10	0	0	43	0	1	4	2	0	0	0	1	0	0	0	1	0	0	0	0	0	0	0	1	0	0	0	1	0	0	0	0	193	174	287	287	212	154	650	926	373	214	166	202	182	301	268	119	350	197	186	172
1	43	0	1	54	4	0	4	0	0	0	10	0	0	4	0	1	37	2	0	0	0	0	0	1	0	0	0	0	0	0	0	0	0	0	0	1	0	0	0	0	0	0	447	645	643	1012	506	566	1382	1282	1372	414	410	447	450	864	863	337	885	641	429	711
3	33	0	24	37	6	0	40	1	3	0	32	0	2	28	0	3	42	3	0	0	1	1	1	0	0	1	0	1	1	0	0	0	1	1	1	0	0	1	0	1	1	0	344	321	395	506	378	342	384	627	616	396	236	370	270	481	435	244	381	319	234	414
0	53	4	12	28	1	0	0	0	0	0	1	0	0	2	0	0	17	0	0	0	0	0	0	0	0	0	0	0	0	0	0	0	0	0	0	0	0	0	0	0	0	0	293	340	329	644	299	298	1091	830	889	427	225	260	261	442	523	225	573	379	214	419
0	44	0	1	53	0	0	0	0	0	0	0	0	0	0	0	0	0	0	0	0	0	0	0	1	0	0	0	0	0	0	0	0	0	0	0	1	0	0	0	0	0	0	276	282	323	445	287	279	366	275	559	146	146	84	235	366	312	123	301	296	163	315
0	78	0	0	21	1	0	1	0	3	0	4	1	0	14	0	0	9	1	0	1	2	1	0	1	0	0	0	1	0	0	0	1	2	1	0	1	0	0	0	1	0	0	134	132	137	235	122	116	300	330	308	140	65	85	111	167	290	100	203	147	90	162
0	76	0	0	23	18	0	11	5	5	0	30	0	0	104	0	17	11	6	0	0	1	0	0	0	0	0	0	0	0	0	0	0	1	0	0	0	0	0	0	0	0	0	39	63	56	111	29	39	232	200	149	71	51	60	33	68	75	45	83	51	42	69
7	34	4	9	44	143	61	49	13	3	0	87	2	8	260	0	13	38	28	0	0	0	1	0	0	0	1	0	0	0	1	0	0	0	1	0	0	0	1	0	0	0	1	108	121	106	192	101	82	526	439	318	232	96	176	84	151	292	136	221	127	112	171
1	29	2	20	45	1	0	0	0	0	0	1	0	0	3	0	0	0	0	0	0	0	0	1	0	0	0	0	0	0	0	0	0	0	0	1	0	0	0	0	0	0	0	408	177	426	325	420	159	485	710	437	281	107	303	226	457	382	258	564	206	161	450
4	77	0	3	15	14	0	66	0	5	0	25	0	1	14	0	2	49	6	0	0	0	0	0	1	1	0	0	0	0	0	0	0	0	0	0	1	1	0	0	0	0	0	138	193	219	352	144	163	595	422	500	133	136	131	147	280	276	144	276	177	131	268
17	21	0	29	31	4	0	1	0	0	0	2	0	6	8	0	0	1	1	0	0	0	0	1	0	0	0	1	0	0	0	0	0	0	0	1	0	0	0	1	0	0	0	136	124	175	281	145	120	272	415	331	160	126	155	83	212	128	97	243	139	110	170
0	67	11	14	5	2	0	5	0	0	0	9	0	0	0	0	0	4	2	0	0	1	0	0	0	0	1	1	1	0	1	0	0	1	0	0	0	0	1	1	1	0	1	281	545	418	463	320	349	846	1047	747	326	454	170	286	514	631	286	546	452	376	271
0	58	0	0	40	5	0	4	0	1	0	10	0	0	4	0	0	3	2	0	0	0	0	0	0	0	2	0	0	2	0	0	0	0	0	0	0	0	2	0	0	2	0	139	223	182	348	159	170	525	443	538	163	269	194	158	304	375	173	453	234	183	237
1	63	4	10	20	24	32	30	1	2	0	37	0	2	35	0	4	38	8	0	0	1	0	0	0	0	0	0	0	0	0	0	0	1	0	0	0	0	0	0	0	0	0	159	280	191	536	219	219	724	562	723	232	188	241	158	287	381	171	483	290	221	310
0	53	0	0	46	16	0	5	0	0	0	6	0	0	8	0	0	16	2	0	0	0	0	0	0	1	0	0	1	0	0	0	0	0	0	0	0	1	0	0	1	0	0	91	73	109	227	96	105	411	241	328	99	117	196	79	139	177	68	228	93	70	187
0	62	0	0	37	10	0	33	0	1	0	22	0	2	16	0	3	163	6	0	0	0	0	0	0	0	0	0	0	0	1	0	0	0	0	0	0	0	0	0	0	0	1	210	142	231	388	206	184	549	478	582	167	166	492	178	281	344	173	383	189	165	297
1	50	8	8	30	0	0	4	0	0	0	4	0	0	1	0	0	5	1	1	1	2	2	1	0	0	2	0	0	0	1	1	1	2	2	1	0	0	2	0	0	0	1	863	715	879	874	858	611	817	990	1108	467	284	337	596	1044	869	353	676	755	427	682
16	32	0	11	39	4	0	1	2	1	0	5	0	0	46	0	0	4	1	0	0	0	0	0	0	0	0	0	0	0	0	0	0	0	0	0	0	0	0	0	0	0	0	445	343	452	790	417	444	447	382	1288	251	239	248	323	530	456	148	589	361	197	607
0	41	3	20	35	1	0	0	1	0	0	1	0	0	35	0	1	4	1	0	0	0	0	0	0	0	0	0	1	0	0	0	0	0	0	0	0	0	0	0	1	0	0	345	265	365	597	371	318	315	485	773	251	205	242	256	447	369	199	386	248	200	455
25	14	0	0	59	12	0	34	2	0	0	36	0	1	40	0	0	26	8	2	2	1	1	0	0	1	0	0	1	1	1	2	2	1	1	0	0	1	0	0	1	1	1	148	92	139	177	137	117	241	223	169	66	66	41	81	129	107	46	129	117	82	82
0	0	0	0	10	20	0	113	4	16	0	79	0	4	81	0	36	235	14	0	0	0	0	0	0	0	0	0	0	1	0	0	0	0	0	0	0	0	0	0	0	1	0	8	10	15	36	11	10	72	57	52	15	28	33	14	11	21	13	16	15	8	13
0	0	0	0	3	17	0	7	1	2	0	48	0	2	22	0	2	22	12	0	0	0	0	0	0	0	0	0	0	0	0	0	0	0	0	0	0	0	0	0	0	0	0	90	111	112	216	106	129	249	269	286	126	75	79	98	143	166	71	195	105	90	166
0	0	0	0	32	67	121	126	0	5	0	108	4	10	16	0	4	305	16	0	0	0	0	0	0	0	0	0	0	0	0	0	0	0	0	0	0	0	0	0	0	0	0	41	54	72	118	61	74	176	128	150	42	73	30	67	88	100	37	102	41	51	87
0	68	2	1	26	2	0	19	0	1	0	15	0	2	4	0	3	35	3	0	0	0	0	0	0	0	0	0	0	0	0	0	0	0	0	0	0	0	0	0	0	0	0	147	250	170	356	162	199	457	471	448	172	190	89	143	283	239	125	260	214	161	201
0	0	0	0	8	21	0	34	0	2	0	20	0	1	17	0	4	17	5	0	1	0	1	0	0	0	0	2	0	2	1	0	1	0	1	0	0	0	0	2	0	2	1	178	180	201	310	184	149	176	533	505	202	194	236	143	288	261	124	242	234	136	250
0	69	4	5	20	6	0	14	2	0	0	11	0	0	51	0	2	6	6	0	0	0	0	0	0	0	0	0	0	0	0	0	0	0	0	0	0	0	0	0	0	0	0	253	323	334	484	272	265	629	568	560	229	192	147	246	437	617	222	530	344	179	310
0	0	0	0	4	65	0	79	6	3	0	53	2	13	124	0	21	54	12	0	0	0	0	0	0	0	0	0	0	0	0	0	0	0	0	0	0	0	0	0	0	0	0	34	38	35	92	29	41	166	203	120	80	46	80	22	49	56	50	73	47	29	83
0	44	2	25	26	2	0	6	0	0	0	4	0	1	11	0	1	5	4	0	0	0	0	0	0	0	0	0	0	0	0	0	0	0	0	0	0	0	0	0	0	0	0	161	131	198	359	166	179	319	334	376	115	71	97	187	291	181	46	224	152	105	259
0	45	0	14	39	212	50	102	13	9	0	145	4	7	260	0	7	74	35	4	10	9	14	12	12	9	14	7	13	5	12	4	10	9	14	12	12	9	14	7	13	5	12	34	51	28	85	38	38	79	125	110	46	73	43	40	72	56	18	73	46	40	36
49	30	1	12	5	0	0	0	0	0	0	1	0	0	0	0	0	0	0	0	1	0	0	0	0	0	0	0	1	0	0	0	1	0	0	0	0	0	0	0	1	0	0	238	169	254	268	224	138	701	1095	480	240	205	288	150	276	260	100	497	233	233	188
4	35	0	11	48	16	0	75	2	8	0	76	4	25	51	0	6	68	27	0	0	0	0	0	1	0	0	0	0	0	1	0	0	0	0	0	1	0	0	0	0	0	1	173	215	205	359	159	201	412	508	383	186	212	138	148	299	253	95	218	239	133	195
1	48	0	11	37	4	0	3	0	0	0	13	0	1	2	0	1	4	2	0	3	4	4	4	2	3	2	3	6	2	6	0	3	4	4	4	2	3	2	3	6	2	6	374	262	406	522	420	290	403	482	722	411	165	411	224	482	384	212	351	283	167	459
0	75	1	10	11	2	0	6	0	0	0	7	0	0	13	0	0	0	4	0	0	0	0	0	0	0	0	0	0	0	0	0	0	0	0	0	0	0	0	0	0	0	0	348	459	537	810	426	484	500	677	924	316	404	256	381	693	592	285	552	474	285	509
0	0	0	0	12	29	0	6	2	4	0	79	1	0	40	0	8	21	29	0	1	0	0	0	0	0	0	0	0	0	0	0	1	0	0	0	0	0	0	0	0	0	0	72	43	81	35	88	62	98	145	44	74	63	35	53	70	53	38	60	59	49	33
0	81	12	3	2	15	0	15	1	2	0	21	0	0	20	0	2	14	6	0	0	0	0	0	1	0	0	0	0	0	0	0	0	0	0	0	1	0	0	0	0	0	0	53	77	79	145	49	40	281	268	219	116	106	171	57	94	79	63	121	64	53	96
0	44	1	9	43	3	0	6	0	0	0	4	0	0	12	0	1	6	1	0	0	0	0	0	1	0	0	0	0	1	0	0	0	0	0	0	1	0	0	0	0	1	0	1193	545	1094	981	1141	567	889	966	1074	526	312	289	557	1081	779	354	743	629	305	780
6	69	1	6	15	17	16	76	0	1	0	46	1	7	6	0	3	107	4	2	1	2	2	1	0	0	0	4	1	2	1	2	1	2	2	1	0	0	0	4	1	2	1	244	128	252	265	228	186	178	281	255	108	79	78	163	316	155	88	177	119	77	276
0	89	0	1	9	5	0	5	3	0	0	9	0	0	78	0	0	9	3	0	0	1	0	1	0	1	0	0	0	0	0	0	0	1	0	1	0	1	0	0	0	0	0	182	187	225	352	187	193	413	374	416	117	107	81	138	285	359	99	257	222	118	278
2	28	1	18	48	9	0	8	2	0	0	15	0	3	45	0	2	7	9	2	1	1	0	0	3	2	0	0	3	2	2	2	1	1	0	0	3	2	0	0	3	2	2	200	127	216	132	184	88	253	376	212	123	60	61	105	186	157	76	156	144	81	147
0	39	0	7	52	0	0	17	0	2	0	10	0	0	0	0	0	8	1	0	0	0	0	0	1	0	0	1	0	0	0	0	0	0	0	0	1	0	0	1	0	0	0	88	71	74	154	74	82	226	260	216	85	118	77	57	108	85	64	106	83	100	119
0	0	0	0	18	9	0	6	0	0	0	6	0	1	0	0	2	4	6	0	1	0	0	1	0	1	1	1	0	1	1	0	1	0	0	1	0	1	1	1	0	1	1	12	44	24	46	19	23	102	170	95	15	97	25	12	36	41	7	63	39	44	20
0	86	0	4	8	14	16	26	0	0	0	14	0	2	6	0	10	19	2	0	0	0	0	0	0	1	3	1	1	0	0	0	0	0	0	0	0	1	3	1	1	0	0	113	158	133	262	117	137	298	258	348	86	175	119	128	196	333	84	220	146	175	124
0	78	0	0	21	44	0	4	2	1	0	51	0	1	42	0	4	8	10	0	0	0	0	0	0	0	0	0	0	0	0	0	0	0	0	0	0	0	0	0	0	0	0	33	48	46	75	56	53	65	85	94	23	30	39	45	54	45	17	45	45	28	57
0	32	0	0	66	11	0	8	2	0	0	17	0	3	46	0	0	5	14	1	3	3	4	9	4	7	3	2	8	5	4	1	3	3	4	9	4	7	3	2	8	5	4	202	135	198	280	216	135	236	268	352	73	89	43	101	217	152	70	155	126	87	161
0	62	0	11	26	0	0	0	0	0	0	0	0	0	0	0	0	0	0	0	0	0	0	1	0	1	0	0	0	0	0	0	0	0	0	1	0	1	0	0	0	0	0	84	138	97	251	75	71	297	528	335	150	181	256	89	149	112	72	139	128	78	120
0	60	0	7	31	4	0	0	0	0	0	2	0	0	0	0	0	2	0	0	0	0	0	1	0	0	0	0	2	0	1	0	0	0	0	1	0	0	0	0	2	0	1	325	375	475	566	329	389	452	482	611	193	181	112	321	547	451	185	281	316	156	507
2	86	0	3	7	11	0	11	3	1	0	24	1	6	68	0	2	12	13	1	0	0	0	0	0	0	0	0	0	0	0	1	0	0	0	0	0	0	0	0	0	0	0	75	79	93	139	80	68	157	186	194	95	86	81	63	118	77	44	108	71	78	108
0	0	0	0	0	24	0	6	5	0	0	20	0	1	102	0	4	5	13	0	0	1	0	0	0	0	0	0	0	0	0	0	0	1	0	0	0	0	0	0	0	0	0	46	31	49	70	45	35	84	125	86	33	28	60	28	52	50	16	49	30	22	60
2	69	0	10	17	8	0	8	0	1	0	21	0	0	7	0	2	16	3	0	5	0	5	3	3	4	7	8	5	4	9	0	5	0	5	3	3	4	7	8	5	4	9	215	319	343	505	209	368	364	285	673	166	288	131	247	433	439	125	392	306	217	382
0	55	0	7	37	66	0	79	8	7	0	123	3	12	171	0	24	65	48	0	0	0	0	0	0	0	0	0	0	0	0	0	0	0	0	0	0	0	0	0	0	0	0	43	113	47	187	56	85	362	351	268	98	65	100	69	97	123	56	131	91	97	130
0	74	0	6	19	21	0	26	2	7	0	43	2	3	43	0	2	43	14	0	0	0	0	0	0	0	1	0	1	0	0	0	0	0	0	0	0	0	1	0	1	0	0	89	74	96	151	89	86	145	231	139	99	74	83	79	136	87	58	93	89	50	98
0	0	0	0	25	3	0	10	0	1	0	21	0	1	2	0	2	12	4	0	0	0	0	0	0	0	0	0	0	0	0	0	0	0	0	0	0	0	0	0	0	0	0	255	324	318	630	254	354	564	540	747	176	162	154	261	452	461	156	505	327	199	436
1	77	0	0	20	0	0	0	0	0	0	1	0	0	0	0	0	0	0	0	1	0	0	0	0	0	0	0	0	0	0	0	1	0	0	0	0	0	0	0	0	0	0	140	300	220	410	156	212	285	427	568	163	327	135	189	291	395	141	333	289	245	204
0	81	0	10	7	15	35	15	0	1	0	24	0	2	9	0	1	137	7	0	0	0	0	0	0	0	0	0	0	0	0	0	0	0	0	0	0	0	0	0	0	0	0	118	180	147	339	131	177	501	423	428	73	150	102	104	178	413	143	357	196	155	173
9	60	0	8	21	0	0	0	0	0	0	2	0	0	0	0	0	0	0	0	0	0	0	0	0	0	0	0	0	0	0	0	0	0	0	0	0	0	0	0	0	0	0	257	316	336	498	277	327	580	597	729	253	262	276	222	394	487	203	447	284	240	342
0	0	0	0	12	14	0	8	0	2	0	34	0	0	6	0	4	30	5	0	0	0	0	0	0	0	0	0	0	1	0	0	0	0	0	0	0	0	0	0	0	1	0	143	242	146	239	120	188	388	217	294	225	107	49	133	203	373	96	160	219	64	186
12	57	0	8	21	7	0	14	0	2	0	23	0	0	0	0	6	31	1	1	5	8	5	5	4	6	8	3	8	10	6	1	5	8	5	5	4	6	8	3	8	10	6	119	199	161	300	166	169	171	255	327	122	108	106	161	250	146	56	133	179	120	212
0	0	0	0	26	8	0	13	6	5	0	71	0	12	129	0	10	26	10	0	0	0	2	0	0	0	0	0	0	0	1	0	0	0	2	0	0	0	0	0	0	0	1	92	102	134	212	109	145	198	265	290	72	72	60	121	167	117	49	153	101	107	172
0	0	0	0	4	1	0	6	0	0	0	14	1	4	0	0	1	3	3	0	0	0	0	0	0	0	0	0	0	0	0	0	0	0	0	0	0	0	0	0	0	0	0	31	42	31	76	25	39	172	222	133	35	55	71	19	58	74	37	65	37	55	29
0	67	2	12	18	11	0	1	0	0	0	7	0	0	10	0	0	3	2	1	1	1	1	3	5	1	0	2	2	3	4	1	1	1	1	3	5	1	0	2	2	3	4	159	221	197	352	137	219	349	381	395	195	173	144	179	291	290	97	186	203	95	249
0	0	0	0	18	1	0	1	0	0	0	6	0	0	0	0	1	9	1	0	0	0	0	1	0	0	0	0	0	0	0	0	0	0	0	1	0	0	0	0	0	0	0	120	129	174	271	122	161	511	505	323	136	136	135	106	216	231	108	290	125	129	188
2	69	0	0	27	3	0	9	0	0	0	10	0	0	0	0	0	33	6	0	0	1	0	1	0	0	0	0	0	0	0	0	0	1	0	1	0	0	0	0	0	0	0	58	119	105	249	83	117	193	300	325	119	174	94	90	146	134	74	155	131	114	141
0	26	0	30	42	4	10	3	0	2	0	12	0	0	4	0	0	51	2	1	2	0	3	0	2	2	3	1	3	2	2	1	2	0	3	0	2	2	3	1	3	2	2	225	256	308	429	217	226	384	408	537	163	182	128	203	342	299	100	279	252	146	282
1	29	0	0	68	90	0	498	4	51	0	422	15	66	86	0	51	377	56	0	0	1	0	0	0	0	1	0	0	0	1	0	0	1	0	0	0	0	1	0	0	0	1	16	20	22	42	14	12	37	43	49	13	33	15	21	15	8	15	33	15	14	28
0	88	0	7	4	0	0	0	0	0	0	0	0	0	0	0	0	0	1	0	0	0	1	0	1	1	0	1	0	1	0	0	0	0	1	0	1	1	0	1	0	1	0	114	194	123	325	103	159	410	404	427	133	162	103	118	165	204	108	259	191	135	157
0	59	0	14	25	0	0	4	0	0	0	2	0	2	0	0	0	2	1	0	0	1	0	0	0	1	0	1	1	0	0	0	0	1	0	0	0	1	0	1	1	0	0	201	276	251	483	187	237	236	366	466	136	243	123	162	306	265	86	275	236	166	220
5	57	0	4	32	0	0	0	0	0	0	0	0	0	0	0	0	1	0	0	1	1	3	0	1	1	2	1	1	2	4	0	1	1	3	0	1	1	2	1	1	2	4	151	255	226	356	163	190	254	462	463	206	151	231	157	303	241	141	223	219	174	226
0	0	0	0	63	3	0	20	0	1	0	21	0	0	8	0	1	35	4	0	0	0	0	0	0	0	0	0	0	0	0	0	0	0	0	0	0	0	0	0	0	0	0	68	90	89	162	84	56	281	284	249	59	92	83	73	116	124	37	130	110	67	94
0	62	7	11	17	1	0	1	0	0	0	2	0	0	3	0	0	3	0	0	0	1	1	0	0	1	0	0	0	0	0	0	0	1	1	0	0	1	0	0	0	0	0	214	325	277	383	227	229	497	665	639	205	231	207	174	341	390	238	357	285	210	281
0	77	3	0	19	2	0	4	0	0	0	1	0	0	2	0	0	1	0	0	0	0	0	0	0	0	0	0	0	0	0	0	0	0	0	0	0	0	0	0	0	0	0	267	338	399	615	252	311	540	588	826	214	217	152	284	525	635	155	431	341	210	457
0	0	0	0	6	2	0	12	0	0	0	3	0	0	0	0	0	3	2	0	1	1	1	0	2	1	1	1	0	0	0	0	1	1	1	0	2	1	1	1	0	0	0	115	209	193	321	144	178	387	534	317	191	198	122	138	304	261	93	186	208	109	183
0	52	0	20	26	5	0	8	0	1	0	12	0	1	6	0	1	10	1	0	0	0	0	0	0	0	0	0	0	0	0	0	0	0	0	0	0	0	0	0	0	0	0	180	294	225	554	176	286	609	546	752	140	245	139	216	340	413	122	369	275	207	276
0	72	0	8	17	0	0	0	0	0	0	0	0	0	5	0	0	0	3	0	0	0	0	0	0	0	0	0	0	0	0	0	0	0	0	0	0	0	0	0	0	0	0	172	197	235	376	180	195	182	298	380	120	139	89	201	331	202	61	209	215	149	230
0	69	0	14	15	55	0	55	5	10	0	108	2	10	105	0	17	55	24	0	0	0	0	0	0	0	0	0	0	0	0	0	0	0	0	0	0	0	0	0	0	0	0	91	199	134	260	106	105	506	645	363	173	187	131	102	193	250	154	234	178	137	137
1	2	0	1	92	0	0	0	0	0	0	2	0	0	0	0	0	2	0	0	0	0	0	0	0	0	0	0	0	0	0	0	0	0	0	0	0	0	0	0	0	0	0	10356	1025	6307	669	9048	1571	1080	838	564	1891	122	398	2499	4136	1644	1961	1967	1667	372	2131
3	66	0	1	28	10	5	5	0	1	0	8	0	1	14	0	1	6	5	0	0	1	0	0	1	0	0	1	0	0	0	0	0	1	0	0	1	0	0	1	0	0	0	429	436	460	854	404	395	578	564	890	327	279	335	344	665	464	203	494	474	335	561
0	45	1	13	38	5	0	9	3	2	0	19	0	1	79	0	1	9	4	0	1	0	0	0	0	1	0	1	0	0	0	0	1	0	0	0	0	1	0	1	0	0	0	182	256	238	433	164	189	634	570	652	224	304	308	165	303	369	168	444	260	183	315
0	0	0	0	5	4	0	3	0	0	0	5	0	0	13	0	0	20	1	0	0	0	0	0	0	0	0	0	0	0	0	0	0	0	0	0	0	0	0	0	0	0	0	127	182	144	139	130	128	314	384	226	154	171	97	82	169	197	147	241	183	140	117
56	21	0	13	7	0	0	0	0	0	0	0	0	0	0	0	0	0	0	0	0	0	0	0	0	0	0	0	0	0	0	0	0	0	0	0	0	0	0	0	0	0	0	140	162	181	235	141	108	1251	1513	429	239	208	314	117	219	253	145	477	191	186	140
0	66	2	4	25	0	2	0	0	0	0	0	0	0	0	0	0	0	0	1	1	1	0	0	0	0	0	0	0	0	0	1	1	1	0	0	0	0	0	0	0	0	0	993	653	970	953	1044	553	1174	1631	1481	830	615	536	446	913	935	565	982	690	438	747
4	51	0	14	28	26	0	20	1	0	0	21	0	2	32	0	2	29	4	0	1	1	0	0	0	0	0	0	0	0	0	0	1	1	0	0	0	0	0	0	0	0	0	323	304	376	670	365	359	300	415	661	212	261	211	311	539	356	128	347	345	221	422
0	30	0	5	64	1	0	1	0	0	0	1	1	0	11	0	0	2	6	0	0	1	0	0	0	0	0	0	0	0	0	0	0	1	0	0	0	0	0	0	0	0	0	94	73	87	133	97	81	159	155	179	66	81	55	78	111	101	33	108	81	70	107
0	45	0	0	54	17	0	8	3	0	0	58	0	2	60	0	4	6	35	0	0	0	0	0	0	0	0	0	0	0	1	0	0	0	0	0	0	0	0	0	0	0	1	45	110	54	206	46	70	114	109	190	70	106	94	66	94	90	44	92	88	87	96
0	0	0	0	12	4	0	8	2	0	0	4	0	0	55	0	4	4	2	0	0	0	0	0	0	0	0	0	0	0	0	0	0	0	0	0	0	0	0	0	0	0	0	106	156	165	221	127	173	340	478	307	138	149	116	93	229	206	140	253	166	126	158
0	0	0	0	6	8	0	126	1	7	0	103	2	12	36	0	7	89	13	0	0	0	0	0	0	0	0	0	0	0	0	0	0	0	0	0	0	0	0	0	0	0	0	128	178	178	288	116	133	426	512	391	178	143	167	131	238	416	176	319	184	117	268
0	0	0	0	29	2	0	4	0	0	0	11	0	0	5	0	0	7	1	0	0	0	0	0	0	0	1	0	0	0	0	0	0	0	0	0	0	0	1	0	0	0	0	207	354	307	686	226	323	959	732	914	192	224	216	246	381	503	182	531	301	210	447
0	48	0	0	50	35	0	26	0	8	0	72	0	0	0	0	21	98	14	0	0	1	1	0	2	1	0	3	2	0	0	0	0	1	1	0	2	1	0	3	2	0	0	89	56	86	97	97	93	116	68	121	26	63	21	78	121	162	27	102	69	57	84
0	0	0	0	14	22	31	26	3	2	0	72	1	6	68	0	4	28	10	0	0	0	0	0	0	0	0	0	0	0	0	0	0	0	0	0	0	0	0	0	0	0	0	95	161	114	322	118	149	204	243	402	95	152	141	120	166	136	79	173	135	125	198
1	44	0	12	40	0	0	1	0	0	0	2	0	0	0	0	0	0	2	0	0	0	0	1	1	1	1	0	0	1	0	0	0	0	0	1	1	1	1	0	0	1	0	312	268	307	462	277	219	671	670	651	360	212	351	240	387	440	186	453	277	182	401
14	36	11	13	24	3	0	4	0	1	0	11	0	0	2	0	0	7	1	0	0	0	0	0	0	0	0	0	0	0	0	0	0	0	0	0	0	0	0	0	0	0	0	623	635	747	1231	606	832	1081	1112	1459	394	441	388	590	1045	836	367	890	620	435	814
1	59	5	6	26	0	0	1	0	0	0	0	0	0	0	0	0	0	0	0	1	0	0	0	1	0	0	0	0	0	0	0	1	0	0	0	1	0	0	0	0	0	0	165	238	239	356	152	209	327	516	456	228	222	237	166	285	296	159	285	230	176	314
0	0	0	0	4	2	0	9	0	0	0	15	0	1	13	0	1	27	6	0	0	0	0	0	0	0	0	0	0	0	0	0	0	0	0	0	0	0	0	0	0	0	0	59	93	54	47	76	30	140	347	61	211	69	65	51	93	90	156	85	110	83	45
0	0	0	0	0	13	0	46	0	2	0	47	0	2	0	0	1	46	4	0	0	0	0	0	0	0	0	0	0	0	0	0	0	0	0	0	0	0	0	0	0	0	0	24	64	44	56	29	30	180	250	100	38	36	31	29	47	46	11	87	46	30	23
0	0	0	0	24	8	18	5	1	2	0	20	0	0	21	0	1	18	7	0	0	0	0	0	0	0	0	0	0	0	0	0	0	0	0	0	0	0	0	0	0	0	0	111	160	116	167	115	152	216	349	232	138	155	92	115	179	172	84	141	134	98	107
0	0	0	0	7	18	0	35	4	1	0	37	1	3	86	0	7	24	7	0	0	0	0	0	0	0	1	0	0	0	0	0	0	0	0	0	0	0	1	0	0	0	0	93	128	140	120	111	93	251	370	209	133	100	112	90	159	163	102	165	136	93	74
0	0	0	0	3	7	0	82	7	7	0	97	3	8	148	0	4	53	20	0	1	0	0	1	0	0	0	2	0	0	1	0	1	0	0	1	0	0	0	2	0	0	1	142	133	157	108	147	76	417	584	199	229	122	151	79	155	249	184	161	149	89	91
0	0	0	0	11	0	0	0	0	0	0	0	0	0	1	0	0	0	0	1	0	2	1	0	0	0	2	1	0	1	0	1	0	2	1	0	0	0	2	1	0	1	0	131	263	233	404	137	184	1855	2083	723	511	247	445	185	318	1044	338	594	287	202	295
41	31	0	3	23	23	0	84	11	11	0	69	1	5	226	0	1	45	17	0	1	0	0	1	0	0	0	0	0	1	0	0	1	0	0	1	0	0	0	0	0	1	0	72	96	97	137	78	84	258	190	170	88	56	73	63	120	154	54	146	126	88	81
0	0	0	0	28	0	0	3	0	0	0	6	0	0	4	0	0	1	1	0	0	0	0	0	0	0	1	0	2	0	1	0	0	0	0	0	0	0	1	0	2	0	1	140	199	190	357	136	198	385	447	506	169	180	211	137	232	256	121	232	171	186	210
0	67	7	10	14	0	0	0	0	0	0	0	0	0	2	0	0	0	0	0	0	0	0	0	0	1	0	0	0	1	0	0	0	0	0	0	0	1	0	0	0	1	0	581	862	735	981	604	525	1573	2041	1440	947	725	644	506	926	1284	854	1236	910	644	590
0	74	0	21	4	0	0	2	0	0	0	8	0	0	9	0	5	1	6	0	0	0	0	0	1	1	1	0	0	0	0	0	0	0	0	0	1	1	1	0	0	0	0	92	111	111	109	116	80	254	338	172	125	66	52	71	151	149	90	149	83	95	69
0	47	0	3	47	7	11	53	0	3	0	37	0	2	13	0	1	46	9	0	0	1	0	1	0	0	0	0	0	0	0	0	0	1	0	1	0	0	0	0	0	0	0	117	190	140	333	125	214	529	434	514	106	169	131	112	209	212	104	258	153	167	176
0	0	0	0	0	8	0	30	1	2	0	39	0	1	23	0	5	33	3	0	2	0	0	1	0	1	1	0	0	2	0	0	2	0	0	1	0	1	1	0	0	2	0	35	29	41	31	27	17	60	106	41	28	17	9	7	33	32	15	18	32	16	17
6	37	0	1	53	0	0	0	0	0	0	0	0	0	2	0	0	0	0	0	1	0	0	1	0	0	0	0	0	0	0	0	1	0	0	1	0	0	0	0	0	0	0	764	325	656	540	705	373	360	605	672	313	186	212	392	630	463	287	508	393	233	529
45	29	3	16	4	2	0	6	0	0	0	8	1	1	6	0	0	7	3	0	0	0	0	0	0	0	0	0	0	0	0	0	0	0	0	0	0	0	0	0	0	0	0	86	112	113	134	97	71	1084	852	290	167	109	263	73	139	128	107	271	97	76	105
5	38	0	16	39	9	0	15	0	3	0	25	0	1	0	0	0	31	5	0	0	0	0	0	0	1	0	0	0	0	0	0	0	0	0	0	0	1	0	0	0	0	0	123	132	159	283	132	195	354	310	377	145	160	127	108	182	213	167	224	129	111	180
2	35	13	28	20	9	0	11	0	2	0	19	0	2	10	0	4	11	3	0	0	0	0	0	0	0	0	0	0	0	0	0	0	0	0	0	0	0	0	0	0	0	0	312	541	485	561	324	345	666	1436	778	853	412	377	306	580	753	618	587	559	393	335
0	0	0	0	24	0	0	0	0	0	0	1	1	0	0	0	0	0	1	0	0	0	0	0	0	0	1	0	0	0	0	0	0	0	0	0	0	0	1	0	0	0	0	37	97	59	162	53	74	232	331	251	56	85	59	38	72	103	26	121	69	54	54
0	20	0	6	72	0	0	2	0	0	0	10	0	0	2	0	0	1	1	0	0	0	2	0	0	0	0	0	1	0	1	0	0	0	2	0	0	0	0	0	1	0	1	1712	789	1437	865	1576	659	1306	1232	1253	1016	344	613	768	1292	1146	680	1209	913	453	930
14	35	0	9	40	0	0	2	0	0	0	3	0	0	0	0	0	1	0	0	0	0	0	1	0	0	0	2	0	0	0	0	0	0	0	1	0	0	0	2	0	0	0	251	283	289	254	233	171	281	578	344	343	161	198	144	294	349	212	252	266	150	178
19	47	0	4	28	10	0	7	0	2	0	23	0	0	0	0	3	35	4	0	0	0	0	0	0	0	0	0	0	0	0	0	0	0	0	0	0	0	0	0	0	0	0	53	62	61	114	67	79	214	211	160	61	84	68	57	100	103	79	128	57	52	90
2	63	0	2	31	4	6	8	0	1	0	6	0	6	15	0	1	2	1	1	0	0	0	0	0	0	0	0	0	0	0	1	0	0	0	0	0	0	0	0	0	0	0	248	412	330	634	264	288	591	614	928	228	392	312	284	486	582	235	495	414	332	350
6	67	0	2	23	15	29	2	0	0	0	11	0	0	5	0	1	3	4	0	0	0	0	0	0	0	0	0	0	0	0	0	0	0	0	0	0	0	0	0	0	0	0	128	157	149	283	162	127	308	235	354	175	138	223	134	242	174	113	233	172	122	224
0	23	19	3	53	95	0	166	7	10	0	177	1	15	146	0	6	140	18	0	0	0	0	0	0	0	0	0	1	0	0	0	0	0	0	0	0	0	0	0	1	0	0	48	95	74	131	50	82	178	179	141	33	52	23	43	97	101	37	104	87	31	51
0	56	0	8	35	24	0	35	0	1	0	59	0	2	9	0	2	53	9	0	1	0	0	2	1	0	0	0	1	0	0	0	1	0	0	2	1	0	0	0	1	0	0	70	92	83	216	69	89	309	259	344	108	136	208	91	115	133	83	174	79	74	121
8	27	0	14	50	0	0	0	0	0	0	3	0	0	0	0	0	1	0	0	1	1	0	0	1	0	0	0	1	0	1	0	1	1	0	0	1	0	0	0	1	0	1	78	115	90	200	95	117	297	280	241	116	123	85	64	123	117	55	166	125	97	96
8	20	0	2	66	0	0	1	0	0	0	1	0	0	0	0	0	1	0	0	0	0	0	0	0	0	0	0	0	0	0	0	0	0	0	0	0	0	0	0	0	0	0	55055	5439	33605	4278	49069	8170	4345	3465	4199	9129	788	2144	13319	21119	7798	10059	10065	9074	1604	10498
0	77	0	8	13	48	0	24	0	5	0	103	1	5	18	0	10	42	9	0	0	0	0	0	0	0	0	0	0	1	0	0	0	0	0	0	0	0	0	0	0	1	0	103	115	110	190	101	99	200	211	218	88	79	68	64	157	113	33	154	131	67	88
5	35	0	12	47	3	9	7	0	0	0	6	0	0	18	0	0	8	2	0	0	0	0	2	0	1	0	1	0	0	1	0	0	0	0	2	0	1	0	1	0	0	1	200	246	259	371	241	221	718	703	543	232	154	150	153	351	306	146	471	254	213	267
0	0	0	8	90	162	0	591	15	41	0	492	4	61	308	0	30	398	93	0	0	0	0	0	0	0	0	0	0	0	0	0	0	0	0	0	0	0	0	0	0	0	0	61	37	45	65	64	27	56	78	107	44	37	56	36	59	51	30	57	41	31	35
0	46	0	5	48	11	0	54	2	5	0	64	1	6	53	0	3	82	9	7	9	23	9	9	9	8	9	9	9	7	10	7	9	23	9	9	9	8	9	9	9	7	10	235	223	270	414	251	214	762	519	624	316	147	237	203	282	436	181	366	224	144	304
0	81	0	9	8	11	0	44	0	7	0	268	0	0	0	0	25	51	69	0	0	1	1	1	0	0	0	0	0	0	0	0	0	1	1	1	0	0	0	0	0	0	0	5	10	7	18	3	10	15	27	27	17	12	9	15	13	14	8	17	9	10	10
0	27	0	1	70	23	0	394	20	19	0	190	4	25	411	0	6	265	14	0	0	1	0	0	0	0	0	1	0	1	0	0	0	1	0	0	0	0	0	1	0	1	0	30	44	26	53	21	37	97	108	92	36	84	48	43	32	41	32	52	60	42	32
0	43	0	12	43	11	0	13	0	1	0	16	0	1	0	0	2	20	4	0	0	0	0	0	0	0	0	1	0	0	0	0	0	0	0	0	0	0	0	1	0	0	0	96	148	115	298	115	124	532	358	530	138	152	119	122	186	302	102	283	164	109	185
2	38	0	15	43	6	0	28	1	2	0	45	0	4	24	0	0	18	9	0	0	0	0	0	0	0	0	0	0	0	0	0	0	0	0	0	0	0	0	0	0	0	0	172	120	221	265	177	140	582	314	451	166	85	205	156	244	322	147	298	150	131	264
2	52	7	5	32	0	0	0	0	0	0	0	0	0	0	0	0	0	0	0	0	0	0	1	0	0	0	0	0	0	0	0	0	0	0	1	0	0	0	0	0	0	0	50	105	60	231	52	90	308	275	384	56	139	110	48	100	109	34	163	87	62	109
0	43	6	17	31	6	0	81	3	4	0	57	2	13	66	0	3	61	8	0	0	0	0	1	0	0	0	0	0	0	1	0	0	0	0	1	0	0	0	0	0	0	1	201	221	259	288	214	183	726	807	468	347	179	301	175	259	302	161	373	219	156	218
3	34	0	16	44	1	0	2	0	0	0	6	0	0	2	0	0	1	1	1	3	3	5	1	0	4	3	3	1	2	4	1	3	3	5	1	0	4	3	3	1	2	4	961	627	911	876	847	583	1404	1767	1231	1289	412	802	536	988	1238	866	821	658	470	901
0	60	0	11	27	11	17	16	1	0	0	19	0	1	20	0	1	10	3	0	0	0	0	0	0	1	0	2	0	0	0	0	0	0	0	0	0	1	0	2	0	0	0	162	186	183	484	179	179	884	584	674	252	242	272	167	318	419	156	469	237	161	297
0	95	0	0	4	0	0	48	1	7	0	31	1	2	21	0	7	45	5	0	1	0	0	0	0	0	0	0	0	0	0	0	1	0	0	0	0	0	0	0	0	0	0	98	136	111	288	111	125	276	236	301	109	136	145	102	184	143	56	185	142	122	209
25	34	0	27	12	2	0	8	0	3	0	32	0	0	0	0	2	15	4	0	0	0	0	0	0	0	0	0	1	0	0	0	0	0	0	0	0	0	0	0	1	0	0	197	189	243	168	204	131	450	469	228	234	71	106	137	237	350	140	295	199	157	153
6	79	0	0	13	10	0	184	3	8	0	86	1	4	70	0	4	110	18	0	0	0	0	0	0	0	0	1	0	0	0	0	0	0	0	0	0	0	0	1	0	0	0	21	73	32	93	30	43	188	233	136	66	114	56	18	69	63	26	57	68	43	43
9	37	0	21	30	8	0	4	0	0	0	10	0	0	0	0	1	7	3	0	0	0	0	0	0	0	0	0	0	0	0	0	0	0	0	0	0	0	0	0	0	0	0	390	327	383	391	362	207	1033	1042	630	385	180	477	247	451	584	287	552	386	199	329
0	72	0	15	11	0	0	1	0	5	25	1	0	0	5	64	0	0	3	3	1	3	6	3	5	5	4	3	1	6	8	3	1	3	6	3	5	5	4	3	1	6	8	82	183	102	268	84	148	731	553	410	126	147	128	80	144	202	158	284	153	91	106
15	33	1	11	38	10	0	14	1	1	0	45	0	4	31	0	3	19	13	6	3	13	18	18	13	17	10	24	17	14	10	6	3	13	18	18	13	17	10	24	17	14	10	79	147	84	227	78	100	378	364	346	88	151	113	68	118	156	45	204	132	108	85
0	44	0	26	28	3	0	42	0	5	0	54	1	3	12	0	1	68	7	0	0	1	1	0	0	0	0	0	1	0	0	0	0	1	1	0	0	0	0	0	1	0	0	376	355	515	526	419	330	773	703	658	288	365	269	317	576	469	242	540	344	232	328
1	98	0	0	0	6	46	18	4	5	0	17	1	0	99	0	1	20	1	0	1	0	0	0	0	0	1	0	0	0	0	0	1	0	0	0	0	0	1	0	0	0	0	138	203	160	298	153	145	245	303	368	135	139	124	134	216	232	65	200	190	117	183
4	48	0	12	34	23	10	52	1	10	0	153	2	6	20	0	10	126	19	0	1	1	0	0	0	0	0	0	0	0	0	0	1	1	0	0	0	0	0	0	0	0	0	191	201	284	298	192	174	683	635	395	344	103	322	199	325	494	277	369	227	187	302
0	58	0	1	39	3	0	27	1	1	0	25	0	1	35	0	5	23	5	0	0	0	0	0	0	0	0	0	0	0	0	0	0	0	0	0	0	0	0	0	0	0	0	246	273	277	352	259	168	231	345	539	315	199	211	252	329	391	167	284	303	201	413
0	93	0	5	1	5	0	9	0	1	0	8	0	0	11	0	0	9	1	0	0	0	0	0	0	0	0	0	0	0	0	0	0	0	0	0	0	0	0	0	0	0	0	127	175	149	344	130	143	291	295	423	98	115	69	122	225	206	60	252	164	120	205
0	22	47	22	7	24	0	60	1	7	0	47	1	6	26	0	0	32	19	0	2	1	4	3	4	1	1	1	3	1	1	0	2	1	4	3	4	1	1	1	3	1	1	87	180	131	129	98	108	403	456	162	172	113	95	89	145	174	97	168	177	111	61
2	83	0	0	14	0	0	1	0	0	0	2	0	0	0	0	0	1	1	0	0	0	1	1	0	1	0	1	0	0	0	0	0	0	1	1	0	1	0	1	0	0	0	138	211	158	276	122	181	385	383	435	107	198	67	180	258	284	107	211	197	162	137
0	64	0	1	32	0	0	2	0	0	0	0	0	0	0	0	0	0	4	0	0	0	0	0	1	0	1	0	0	0	0	0	0	0	0	0	1	0	1	0	0	0	0	95	185	128	245	100	144	261	314	351	97	160	120	118	186	214	106	209	149	142	148
0	20	0	11	67	8	0	22	0	1	0	15	0	1	0	0	8	23	6	1	1	0	0	0	0	0	0	0	1	0	0	1	1	0	0	0	0	0	0	0	1	0	0	301	67	227	52	297	76	407	305	44	172	30	111	89	159	87	71	79	88	20	105
0	57	0	14	28	52	0	80	3	16	0	111	0	9	78	0	6	136	23	0	0	0	0	1	0	0	0	0	0	1	0	0	0	0	0	1	0	0	0	0	0	1	0	35	121	70	162	42	92	269	247	299	75	112	50	52	86	193	64	204	93	71	116
1	36	1	1	59	3	0	20	1	1	0	11	0	0	25	0	0	7	2	0	1	0	0	0	0	0	1	0	0	0	0	0	1	0	0	0	0	0	1	0	0	0	0	224	223	307	398	219	176	465	480	526	220	161	177	234	390	369	113	415	239	142	265
0	0	0	0	0	2	0	37	5	2	0	15	0	3	108	0	1	11	2	0	1	0	0	0	0	1	0	0	0	0	0	0	1	0	0	0	0	1	0	0	0	0	0	137	146	180	242	163	144	286	254	303	76	88	191	127	198	158	83	155	132	80	188
0	0	0	0	0	0	0	0	0	0	0	2	0	0	0	0	0	1	0	0	0	0	0	0	0	0	0	0	0	0	0	0	0	0	0	0	0	0	0	0	0	0	0	122	123	148	161	99	117	122	198	180	82	149	66	107	172	122	60	117	145	75	106
0	45	3	9	41	9	0	79	3	9	0	118	3	5	68	0	0	142	17	0	1	0	0	0	0	0	3	0	0	1	0	0	1	0	0	0	0	0	3	0	0	1	0	110	145	128	338	153	176	506	441	452	121	169	239	126	216	256	127	300	163	128	173
0	17	1	4	75	29	20	250	6	22	0	463	6	38	129	0	4	299	53	0	2	0	2	1	2	2	1	5	1	0	1	0	2	0	2	1	2	2	1	5	1	0	1	465	88	330	110	350	113	148	102	92	105	36	41	133	241	57	47	104	80	46	119
1	41	0	8	48	3	0	7	0	0	0	8	0	1	3	0	0	3	2	0	0	1	0	0	0	0	0	0	0	0	0	0	0	1	0	0	0	0	0	0	0	0	0	1018	455	967	683	1009	446	1291	1091	998	465	244	290	543	939	781	372	736	615	284	592
6	58	0	7	26	2	6	5	0	0	0	3	0	0	5	0	0	1	2	3	4	8	8	5	4	11	12	8	7	4	11	3	4	8	8	5	4	11	12	8	7	4	11	234	435	318	649	273	348	532	612	916	297	403	387	268	474	487	248	436	393	314	356
0	77	0	13	8	7	0	72	3	4	0	111	1	24	76	0	9	40	20	1	0	0	1	0	0	0	1	0	0	0	0	1	0	0	1	0	0	0	1	0	0	0	0	50	76	69	87	47	52	303	408	134	92	42	56	61	101	146	82	110	86	50	86
1	69	0	16	12	13	17	40	6	3	0	45	0	3	125	0	1	76	16	1	0	0	0	0	0	0	0	1	0	0	0	1	0	0	0	0	0	0	0	1	0	0	0	96	173	132	262	127	160	520	344	294	71	149	48	120	192	226	66	294	161	130	107
4	39	0	10	45	0	0	0	0	0	0	0	0	0	0	0	0	0	0	0	0	0	1	1	0	0	1	0	0	0	1	0	0	0	1	1	0	0	1	0	0	0	1	214	241	225	510	249	199	890	645	854	252	222	231	225	293	372	200	612	252	230	400
0	94	0	2	3	0	0	38	0	1	0	17	0	0	0	0	0	76	1	0	0	0	0	0	0	1	0	1	0	1	1	0	0	0	0	0	0	1	0	1	0	1	1	197	134	175	307	171	195	283	272	458	145	140	83	140	226	262	103	230	150	120	250
0	0	0	0	7	21	0	17	4	1	0	57	0	3	88	0	0	43	12	0	0	1	0	0	0	1	0	0	0	1	0	0	0	1	0	0	0	1	0	0	0	1	0	33	36	51	93	37	69	265	206	173	44	62	121	40	55	87	53	124	44	69	85
0	28	0	21	49	0	0	0	0	0	0	0	0	0	0	0	0	0	1	0	1	1	2	2	1	1	0	2	1	0	0	0	1	1	2	2	1	1	0	2	1	0	0	207	199	306	265	218	190	574	515	358	222	151	132	119	288	276	144	316	231	142	210
3	54	0	11	30	0	0	0	0	0	0	0	0	0	0	0	0	1	0	0	0	0	1	1	0	0	0	0	0	1	0	0	0	0	1	1	0	0	0	0	0	1	0	548	333	509	481	549	285	1413	1084	834	627	178	588	322	515	679	405	696	428	219	443
0	89	0	0	10	3	0	48	3	0	0	28	2	1	74	0	0	55	16	0	0	0	0	0	0	0	0	0	0	0	0	0	0	0	0	0	0	0	0	0	0	0	0	167	248	281	367	209	279	346	296	361	93	158	55	195	426	319	101	236	243	122	220
6	11	0	1	80	7	0	4	0	0	0	14	0	0	3	0	0	4	1	0	0	0	0	0	0	0	0	0	0	0	1	0	0	0	0	0	0	0	0	0	0	0	1	1465	378	1032	378	1370	384	831	799	649	646	213	372	505	786	585	592	920	493	225	659
0	47	2	16	33	0	0	1	0	0	0	1	0	0	2	0	0	0	0	0	1	1	0	0	0	0	0	0	0	1	0	0	1	1	0	0	0	0	0	0	0	1	0	1164	907	1231	1257	1183	688	2621	2901	2094	1000	700	949	625	1211	1615	692	1459	916	559	961
0	84	0	0	14	1	33	0	0	0	0	4	0	0	0	0	0	0	4	0	0	2	0	1	0	0	0	1	0	0	0	0	0	2	0	1	0	0	0	1	0	0	0	82	63	93	116	59	60	95	106	166	70	48	54	57	110	118	43	113	48	46	106
0	95	0	0	4	0	0	0	0	0	0	1	0	0	0	0	0	0	0	1	0	0	0	1	1	1	1	0	0	1	0	1	0	0	0	1	1	1	1	0	0	1	0	461	442	514	950	425	533	817	748	1094	247	265	173	403	729	669	196	641	486	286	643
0	37	0	15	47	0	0	0	0	0	0	0	0	0	0	0	0	0	0	0	0	0	0	0	1	0	1	0	0	0	0	0	0	0	0	0	1	0	1	0	0	0	0	145	186	142	247	136	128	554	616	373	238	207	145	123	174	277	117	219	190	140	136
0	52	0	0	47	1	0	0	0	0	0	1	0	0	13	0	0	0	1	0	0	0	1	1	1	0	0	0	1	0	0	0	0	0	1	1	1	0	0	0	1	0	0	319	366	318	408	319	241	483	563	583	250	332	159	210	360	404	171	328	321	252	280
9	53	0	7	29	0	0	0	0	0	0	0	0	0	0	0	0	0	0	0	0	2	0	1	0	0	0	0	1	2	1	0	0	2	0	1	0	0	0	0	1	2	1	72	117	90	208	93	101	527	412	282	114	90	154	66	138	172	95	191	117	117	114
0	51	0	0	48	0	0	0	0	0	0	2	0	0	2	0	0	0	0	0	0	0	1	0	0	0	0	0	2	0	0	0	0	0	1	0	0	0	0	0	2	0	0	1102	250	755	375	1129	329	485	505	347	423	184	124	361	640	382	284	311	368	176	381
0	52	18	0	29	6	9	2	0	0	0	3	0	0	3	0	0	4	1	0	0	0	0	1	0	0	0	0	0	0	2	0	0	0	0	1	0	0	0	0	0	0	2	222	198	220	365	197	195	539	491	549	196	160	168	185	327	419	122	333	220	145	323
0	61	0	11	26	0	0	0	0	0	0	0	0	0	0	0	0	0	0	0	0	0	0	0	1	0	0	1	0	1	1	0	0	0	0	0	1	0	0	1	0	1	1	147	121	209	364	152	199	605	416	525	181	180	276	150	253	302	151	357	138	139	264
0	50	0	1	48	3	0	9	0	0	0	3	0	1	0	0	0	8	1	0	0	0	0	0	0	0	0	0	0	0	0	0	0	0	0	0	0	0	0	0	0	0	0	179	128	223	269	204	148	261	267	290	159	88	61	196	283	268	94	162	118	90	302
