2
5
5
6
5
5
6
6
5
6
5
3
5
5
5
3
5
6
5
5
5
5
5
5
5
5
5
5
5
5
4
4
5
6
2
5
5
5
5
4
5
5
4
6
5
5
5
5
5
5
5
5
5
5
5
2
2
2
7
4
4
5
5
5
5
5
1
4
6
1
5
5
5
5
5
5
5
5
5
5
9
5
5
5
9
5
5
5
4
7
5
9
5
2
5
3
9
5
5
5
2
5
5
5
5
5
5
5
5
5
5
2
4
6
5
5
5
5
5
5
5
5
1
7
5
5
4
4
5
5
5
5
5
5
2
3
5
9
4
7
5
5
5
4
5
2
5
5
5
5
5
9
5
6
5
1
1
5
5
5
5
5
5
5
5
5
1
5
5
6
5
5
5
5
5
4
5
5
1
5
2
5
5
6
5
5
5
9
5
5
1
5
9
5
9
6
5
5
2
5
5
5
5
6
5
5
5
5
5
5
5
6
5
5
2
5
5
5
5
5
5
5
2
5
5
5
4
6
5
5
1
5
5
5
5
5
5
5
5
9
5
5
5
9
5
5
5
9
5
5
5
4
5
5
5
4
5
4
5
6
5
5
5
5
5
5
5
5
5
5
5
5
5
5
5
5
5
5
5
9
5
9
5
5
5
4
5
9
6
5
5
5
5
5
2
5
5
5
5
5
5
5
5
5
5
5
5
5
5
5
5
5
5
5
5
5
5
6
5
6
5
5
8
5
5
5
5
5
5
5
5
5
5
1
5
5
5
6
2
5
5
5
5
5
5
5
5
5
5
5
5
6
5
5
6
6
4
5
5
5
5
5
2
6
5
5
6
2
5
5
5
5
9
5
5
1
5
5
8
5
8
9
5
5
5
6
5
5
5
5
9
5
6
5
5
5
5
5
5
5
5
5
2
5
5
5
5
5
9
2
5
6
5
5
5
5
5
5
5
2
5
5
5
6
5
6
2
5
5
5
